ArrowHead
DPSN
[[       nan        nan        nan        nan        nan        nan        nan        nan        nan        nan]
 [0.53388888 0.57055554 0.53138888 0.62666665 0.61083331 0.43555555 0.59277776 0.64805553 0.46388888 0.57472221]
 [0.77583331 0.79277775 0.79083331 0.80333331 0.79833331 0.81138886 0.80527775 0.67999998 0.49833332 0.74999997]
 [0.72833331 0.77638886 0.76388886 0.80833331 0.74972219 0.75694442 0.74083331 0.83444442 0.76361108 0.74555553]
 [0.77916664 0.84305553 0.74972219 0.8133333  0.73111108 0.80527775 0.78666664 0.84416664 0.77416664 0.74583331]
 [0.8097222  0.81944442 0.77833331 0.80888886 0.70277775 0.76861108 0.79916664 0.81416664 0.83555553 0.80083331]
 [0.85388886 0.84388886 0.81611108 0.81444442 0.81611108 0.79611108 0.86833331 0.84361108 0.82777775 0.82277775]
 [0.81472219 0.83999997 0.81472219 0.8172222  0.82277775 0.79166664 0.79555553 0.82499997 0.80805553 0.77944442]
 [0.77972219 0.85083331 0.8497222  0.81305553 0.79972219 0.81194442 0.85333331 0.87194442 0.82083331 0.80083331]
 [0.83111108 0.83111108 0.83111108 0.83111108 0.83111108 0.83111108 0.83111108 0.83111108 0.83111108 0.83111108]]
WEASEL
[[  nan   nan   nan   nan   nan   nan   nan   nan   nan   nan]
 [0.509 0.726 0.549 0.709 0.469 0.686 0.52  0.669 0.554 0.577]
 [0.651 0.623 0.697 0.754 0.783 0.686 0.737 0.76  0.543 0.56 ]
 [0.749 0.72  0.68  0.76  0.606 0.731 0.766 0.806 0.731 0.737]
 [0.783 0.777 0.726 0.709 0.749 0.737 0.857 0.771 0.783 0.749]
 [0.737 0.731 0.8   0.749 0.771 0.811 0.846 0.863 0.794 0.811]
 [0.789 0.851 0.846 0.794 0.76  0.709 0.8   0.777 0.851 0.829]
 [0.846 0.851 0.8   0.789 0.823 0.68  0.857 0.857 0.771 0.777]
 [0.8   0.846 0.857 0.777 0.846 0.794 0.851 0.863 0.863 0.777]
 [0.857 0.857 0.857 0.857 0.857 0.857 0.857 0.857 0.857 0.857]]
BOSS
[[0.60571429 0.39428571 0.57142857 0.52571429 0.41142857 0.48571429 0.55428571 0.54285714 0.46285714 0.55428571]
 [0.63428571 0.57142857 0.65714286 0.58285714 0.54857143 0.53714286 0.55428571 0.69714286 0.42285714 0.61142857]
 [0.62857143 0.62857143 0.59428571 0.77142857 0.66285714 0.64 0.54857143 0.62285714 0.45714286 0.53714286]
 [0.64       0.61142857 0.68571429 0.79428571 0.69714286 0.63428571 0.66857143 0.80571429 0.72       0.64571429]
 [0.70285714 0.57714286 0.68       0.69142857 0.56571429 0.73142857 0.70285714 0.82285714 0.66857143 0.61714286]
 [0.72       0.64       0.68       0.70285714 0.65714286 0.72 0.72       0.73714286 0.72       0.74285714]
 [0.68       0.78857143 0.78857143 0.78285714 0.73142857 0.69714286 0.78285714 0.66857143 0.74285714 0.78285714]
 [0.71428571 0.77142857 0.72       0.70857143 0.77142857 0.64571429 0.74285714 0.72       0.74285714 0.71428571]
 [0.74285714 0.73714286 0.77714286 0.75428571 0.79428571 0.79428571 0.82285714 0.81142857 0.81714286 0.74285714]
 [0.78857143 0.78857143 0.78857143 0.78857143 0.78857143 0.78857143 0.78857143 0.78857143 0.78857143 0.78857143]]
ST
[[0.44       0.46857143 0.41142857 0.30857143 0.42285714 0.54285714 0.54857143 0.30285714 0.48       0.60571429]
 [0.55428571 0.58285714 0.43428571 0.45142857 0.30285714 0.30285714 0.50857143 0.57714286 0.32571429 0.39428571]
 [0.45142857 0.33142857 0.41714286 0.61714286 0.39428571 0.39428571 0.59428571 0.31428571 0.31428571 0.32571429]
 [0.27428571 0.25714286 0.30857143 0.51428571 0.31428571 0.40571429 0.30285714 0.30857143 0.48       0.44      ]
 [0.54857143 0.49714286 0.57142857 0.57714286 0.53142857 0.4 0.65142857 0.50857143 0.40571429 0.43428571]
 [0.56571429 0.63428571 0.46285714 0.44       0.30285714 0.51428571 0.46285714 0.57142857 0.47428571 0.46285714]
 [0.48       0.54285714 0.46857143 0.44       0.30857143 0.52571429 0.54285714 0.63428571 0.51428571 0.32      ]
 [0.58285714 0.53142857 0.41714286 0.50285714 0.46857143 0.30285714 0.43428571 0.6        0.30857143 0.55428571]
 [0.51428571 0.48       0.49714286 0.54285714 0.29714286 0.58285714 0.38857143 0.51428571 0.58857143 0.30285714]
 [0.52571429 0.52571429 0.52571429 0.52571429 0.52571429 0.52571429 0.52571429 0.52571429 0.52571429 0.52571429]]
BME
DPSN
[[       nan        nan        nan        nan        nan        nan        nan        nan        nan        nan]
 [       nan        nan        nan        nan        nan        nan        nan        nan        nan        nan]
 [0.76805553 0.6822222  0.67277775 0.81055553 0.6022222  0.61916665 0.57694443 0.74499997 0.63083331 0.61694442]
 [0.85388886 0.69833331 0.72527775 0.65444442 0.60861109 0.77333331 0.59388887 0.61083331 0.61111109 0.84527775]
 [0.78972219 0.80666664 0.74194442 0.70277775 0.80416664 0.73027775 0.62166665 0.73916664 0.6872222  0.75749997]
 [0.59083332 0.64833331 0.56055554 0.72805553 0.79944442 0.85805553 0.73277775 0.7247222  0.77333331 0.78388886]
 [0.81277775 0.81805553 0.81249997 0.69833331 0.75361108 0.7822222 0.81277775 0.79499997 0.67583331 0.87305553]
 [0.62027776 0.64305553 0.87416664 0.7472222  0.75861108 0.73388886 0.87055553 0.64583331 0.80944442 0.73277775]
 [0.84249998 0.82416664 0.68861109 0.76499997 0.81722219 0.79777775 0.7933333  0.70166664 0.63138887 0.77888886]
 [0.87694442 0.87694442 0.87694442 0.87694442 0.87694442 0.87694442 0.87694442 0.87694442 0.87694442 0.87694442]]
WEASEL
[[  nan   nan   nan   nan   nan   nan   nan   nan   nan   nan]
 [0.78  0.667 0.613 0.6   0.553 0.507 0.493 0.573 0.52  0.627]
 [0.68  0.68  0.74  0.82  0.613 0.653 0.707 0.587 0.873 0.827]
 [0.887 0.553 0.773 0.64  0.667 0.973 0.853 0.82  0.833 0.86 ]
 [0.927 0.687 0.88  0.727 0.607 0.653 0.82  0.673 0.873 0.8  ]
 [0.94  0.807 0.793 0.76  0.747 0.693 0.82  0.74  0.773 0.893]
 [0.913 0.787 0.78  0.773 0.667 0.627 0.767 0.853 0.76  0.787]
 [0.873 0.873 0.82  0.82  0.727 0.833 0.793 0.753 0.853 0.913]
 [0.873 0.88  0.887 0.867 0.8   0.867 0.88  0.847 0.913 0.907]
 [0.88  0.88  0.88  0.88  0.88  0.88  0.88  0.88  0.88  0.88 ]]
BOSS
[[0.72666667 0.60666667 0.56       0.68666667 0.6        0.73333333 0.66666667 0.66       0.65333333 0.72      ]
 [0.77333333 0.72666667 0.73333333 0.7        0.77333333 0.76 0.80666667 0.78       0.77333333 0.73333333]
 [0.85333333 0.76666667 0.68666667 0.85333333 0.74666667 0.78 0.78666667 0.72666667 0.82       0.87333333]
 [0.84666667 0.78       0.83333333 0.77333333 0.78       0.75333333 0.81333333 0.8        0.79333333 0.88666667]
 [0.84       0.84       0.78666667 0.86666667 0.80666667 0.79333333 0.79333333 0.78666667 0.78666667 0.79333333]
 [0.86       0.8        0.84666667 0.82666667 0.79333333 0.82666667 0.82       0.85333333 0.82       0.82666667]
 [0.86       0.82666667 0.81333333 0.88       0.84666667 0.81333333 0.84666667 0.85333333 0.86666667 0.87333333]
 [0.86       0.86       0.88666667 0.82       0.86666667 0.88 0.88666667 0.80666667 0.85333333 0.89333333]
 [0.88666667 0.86       0.84       0.87333333 0.88       0.88 0.88666667 0.85333333 0.88666667 0.87333333]
 [0.84       0.84       0.84       0.84       0.84       0.84 0.84       0.84       0.84       0.84      ]]
ST
[[0.50666667 0.49333333 0.48666667 0.42666667 0.49333333 0.58 0.60666667 0.46       0.58       0.54      ]
 [0.64       0.47333333 0.55333333 0.58       0.45333333 0.53333333 0.6        0.50666667 0.62666667 0.63333333]
 [0.68666667 0.66666667 0.56       0.64666667 0.46       0.67333333 0.5        0.50666667 0.65333333 0.63333333]
 [0.84       0.54       0.66       0.49333333 0.66       0.78 0.83333333 0.67333333 0.57333333 0.67333333]
 [0.74666667 0.67333333 0.76666667 0.51333333 0.54666667 0.66666667 0.51333333 0.64       0.8        0.73333333]
 [0.63333333 0.71333333 0.6        0.60666667 0.65333333 0.54666667 0.62666667 0.66       0.66       0.70666667]
 [0.7        0.63333333 0.56       0.59333333 0.64       0.64 0.66       0.75333333 0.7        0.65333333]
 [0.72       0.65333333 0.68       0.63333333 0.65333333 0.79333333 0.68       0.72666667 0.64       0.74      ]
 [0.73333333 0.66666667 0.74666667 0.68       0.65333333 0.66 0.72       0.71333333 0.73333333 0.64      ]
 [0.72666667 0.72666667 0.72666667 0.72666667 0.72666667 0.72666667 0.72666667 0.72666667 0.72666667 0.72666667]]
CBF
DPSN
[[       nan        nan        nan        nan        nan        nan        nan        nan        nan        nan]
 [       nan        nan        nan        nan        nan        nan        nan        nan        nan        nan]
 [0.85416664 0.97166666 0.82666664 0.97277777 0.86861109 0.95805554 0.98388888 0.86416664 0.91611109 0.90749998]
 [0.95416665 0.93805554 0.98277777 0.96722221 0.96972221 0.90777776 0.98166666 0.96416666 0.95027776 0.99027778]
 [0.98583333 0.92138887 0.98472222 0.98722222 0.91166665 0.97749999 0.86416664 0.89277775 0.97749999 0.99527778]
 [0.99444444 0.97666666 0.95999999 0.98805555 0.97083332 0.99166666 0.98194444 0.93555554 0.97305555 0.98555555]
 [0.97666666 0.99027777 0.97527777 0.99       0.98444444 0.98833333 0.95749999 0.95749999 0.98527777 0.95305554]
 [0.97527777 0.96333332 0.9586111  0.99777778 0.98222222 0.96555555 0.99222222 0.94805554 0.94805554 0.99138889]
 [0.98416666 0.96999999 0.96999999 0.98388888 0.97583333 0.97388888 0.99       0.98944444 0.96777777 0.98222222]
 [0.92277776 0.92277776 0.92277776 0.92277776 0.92277776 0.92277776 0.92277776 0.92277776 0.92277776 0.92277776]]
WEASEL
[[  nan   nan   nan   nan   nan   nan   nan   nan   nan   nan]
 [0.876 0.766 0.773 0.644 0.837 0.913 0.784 0.723 0.758 0.791]
 [0.738 0.782 0.879 0.952 0.906 0.81  0.922 0.883 0.734 0.914]
 [0.986 0.989 0.872 0.929 0.946 0.988 0.964 0.913 0.878 0.824]
 [0.972 0.974 0.89  0.916 0.931 0.952 0.987 0.926 0.969 0.941]
 [0.971 0.954 0.907 0.974 0.926 0.973 0.9   0.941 0.989 0.944]
 [0.971 0.964 0.922 0.98  0.929 0.959 0.979 0.936 0.978 0.983]
 [0.982 0.983 0.936 0.921 0.972 0.939 0.981 0.922 0.971 0.977]
 [0.989 0.984 0.927 0.979 0.957 0.974 0.989 0.951 0.978 0.984]
 [0.988 0.988 0.988 0.988 0.988 0.988 0.988 0.988 0.988 0.988]]
BOSS
[[0.73444444 0.86888889 0.90666667 0.76555556 0.85777778 0.94 0.93555556 0.87666667 0.70555556 0.82222222]
 [0.82555556 0.92111111 0.92555556 0.83111111 0.92555556 0.95111111 0.94333333 0.89555556 0.83666667 0.91888889]
 [0.96777778 0.94222222 0.93888889 0.96222222 0.89555556 0.94111111 0.89666667 0.86333333 0.93       0.93111111]
 [0.95555556 0.95       0.96444444 0.90666667 0.94111111 0.97333333 0.95       0.94777778 0.97555556 0.97666667]
 [0.95888889 0.97111111 0.96333333 0.97555556 0.92222222 0.96333333 0.94111111 0.89888889 0.94333333 0.98      ]
 [0.96       0.97777778 0.96       0.97666667 0.94444444 0.97555556 0.97555556 0.91555556 0.94555556 0.97888889]
 [0.97111111 0.97111111 0.95333333 0.98333333 0.93666667 0.97888889 0.94444444 0.95222222 0.94       0.96444444]
 [0.97111111 0.94666667 0.97222222 0.98       0.95444444 0.97555556 0.95       0.93       0.95666667 0.96222222]
 [0.94888889 0.95777778 0.95111111 0.94666667 0.96222222 0.94666667 0.94111111 0.96       0.94777778 0.96111111]
 [0.95444444 0.95444444 0.95444444 0.95444444 0.95444444 0.95444444 0.95444444 0.95444444 0.95444444 0.95444444]]
ST
[[0.61111111 0.82333333 0.91333333 0.72888889 0.52777778 0.73888889 0.76222222 0.73222222 0.67777778 0.74222222]
 [0.87333333 0.86666667 0.87555556 0.68777778 0.88111111 0.74111111 0.84111111 0.86111111 0.79222222 0.83222222]
 [0.90666667 0.92       0.78666667 0.86777778 0.86666667 0.83888889 0.86666667 0.78444444 0.82       0.84333333]
 [0.92333333 0.91888889 0.88333333 0.88555556 0.88888889 0.89 0.85222222 0.90333333 0.90222222 0.85      ]
 [0.87777778 0.91888889 0.88       0.89555556 0.82555556 0.86444444 0.89222222 0.89333333 0.89555556 0.89111111]
 [0.90555556 0.87555556 0.88777778 0.92555556 0.89       0.91666667 0.91777778 0.89333333 0.87444444 0.88888889]
 [0.88888889 0.93666667 0.87888889 0.88333333 0.88777778 0.88 0.88888889 0.87111111 0.88666667 0.86777778]
 [0.88777778 0.90666667 0.90666667 0.89444444 0.84222222 0.89555556 0.87222222 0.9        0.85555556 0.90222222]
 [0.84222222 0.90333333 0.86777778 0.87333333 0.9        0.90777778 0.90333333 0.87666667 0.87       0.88111111]
 [0.9        0.9        0.9        0.9        0.9        0.9 0.9        0.9        0.9        0.9       ]]
Chinatown
DPSN
[[       nan        nan        nan        nan        nan        nan        nan        nan        nan        nan]
 [       nan        nan        nan        nan        nan        nan        nan        nan        nan        nan]
 [0.675      0.6325     0.68833333 0.69       0.6975     0.77708333 0.73       0.70416667 0.75166667 0.74583333]
 [0.76583333 0.73875    0.705      0.70375    0.6925     0.71583333 0.78541667 0.72       0.73208333 0.83541667]
 [0.81625    0.77416667 0.72       0.78166667 0.805      0.74375 0.81958333 0.7525     0.73833333 0.78041667]
 [0.84583333 0.84916667 0.82       0.83166667 0.77875    0.7675 0.80583333 0.79125    0.79875    0.75208333]
 [0.85       0.77916667 0.79875    0.85333333 0.86625    0.84208333 0.81625    0.83291667 0.85166667 0.82416667]
 [0.80666667 0.84625    0.85416667 0.84041667 0.83875    0.87125 0.81416667 0.845      0.79833333 0.82291667]
 [0.84125    0.85125    0.87375    0.86708333 0.85916667 0.82166667 0.86166667 0.8625     0.8325     0.85625   ]
 [0.86041667 0.86041667 0.86041667 0.86041667 0.86041667 0.86041667 0.86041667 0.86041667 0.86041667 0.86041667]]
WEASEL
[[  nan   nan   nan   nan   nan   nan   nan   nan   nan   nan]
 [0.725 0.725 0.275 0.725 0.275 0.725 0.725 0.725 0.725 0.725]
 [0.275 0.275 0.725 0.725 0.725 0.725 0.725 0.275 0.275 0.725]
 [0.861 0.832 0.93  0.899 0.748 0.725 0.899 0.87  0.725 0.872]
 [0.872 0.855 0.864 0.875 0.835 0.864 0.881 0.814 0.843 0.788]
 [0.867 0.907 0.875 0.901 0.893 0.907 0.78  0.933 0.901 0.899]
 [0.919 0.936 0.919 0.919 0.896 0.777 0.87  0.965 0.899 0.948]
 [0.971 0.942 0.959 0.954 0.954 0.959 0.965 0.942 0.936 0.965]
 [0.957 0.939 0.959 0.957 0.948 0.962 0.954 0.957 0.954 0.959]
 [0.954 0.954 0.954 0.954 0.954 0.954 0.954 0.954 0.954 0.954]]
BOSS
[[0.56811594 0.76811594 0.73623188 0.73043478 0.72753623 0.49275362 0.37391304 0.48405797 0.74202899 0.72753623]
 [0.59710145 0.43478261 0.77101449 0.50434783 0.76231884 0.64927536 0.75652174 0.62608696 0.69565217 0.43768116]
 [0.77391304 0.70724638 0.6        0.57101449 0.6        0.67536232 0.5942029  0.74492754 0.77391304 0.66376812]
 [0.78550725 0.64637681 0.8173913  0.65507246 0.62028986 0.63768116 0.72173913 0.79130435 0.63768116 0.82608696]
 [0.78550725 0.70724638 0.8        0.76231884 0.7826087  0.70144928 0.78550725 0.81449275 0.66086957 0.73043478]
 [0.8        0.8        0.80869565 0.82028986 0.72173913 0.68985507 0.77681159 0.76231884 0.85507246 0.82028986]
 [0.8        0.71884058 0.7884058  0.84057971 0.84057971 0.80869565 0.79710145 0.8        0.82608696 0.78550725]
 [0.82898551 0.8115942  0.82608696 0.81449275 0.77101449 0.86956522 0.7942029  0.83768116 0.7884058  0.82608696]
 [0.82028986 0.83478261 0.87246377 0.85797101 0.80869565 0.82898551 0.83768116 0.84347826 0.83478261 0.85797101]
 [0.82318841 0.82318841 0.82318841 0.82318841 0.82318841 0.82318841 0.82318841 0.82318841 0.82318841 0.82318841]]
ST
[[0.83768116 0.49565217 0.55362319 0.55652174 0.45507246 0.70724638 0.69565217 0.54782609 0.43768116 0.47246377]
 [0.52463768 0.31884058 0.73623188 0.65797101 0.57971014 0.5884058 0.88985507 0.48115942 0.44347826 0.30144928]
 [0.89855072 0.88695652 0.85217391 0.88405797 0.66086957 0.69565217 0.68115942 0.88405797 0.84637681 0.73913043]
 [0.89565217 0.82898551 0.62028986 0.75072464 0.7942029  0.87826087 0.73913043 0.69565217 0.31594203 0.86376812]
 [0.47536232 0.93333333 0.73623188 0.89855072 0.5942029  0.8 0.66376812 0.93043478 0.87536232 0.78550725]
 [0.57971014 0.71884058 0.44057971 0.89855072 0.77391304 0.36521739 0.92463768 0.7826087  0.88985507 0.78550725]
 [0.72463768 0.27536232 0.27536232 0.72463768 0.72463768 0.72463768 0.72463768 0.72463768 0.72463768 0.72463768]
 [0.67826087 0.86956522 0.91884058 0.73913043 0.86086957 0.81449275 0.57971014 0.4173913  0.46956522 0.82318841]
 [0.90724638 0.67826087 0.84927536 0.91014493 0.70144928 0.85217391 0.91884058 0.93043478 0.5826087  0.92463768]
 [0.92463768 0.92463768 0.92463768 0.92463768 0.92463768 0.92463768 0.92463768 0.92463768 0.92463768 0.92463768]]
Coffee
DPSN
[[       nan        nan        nan        nan        nan        nan        nan        nan        nan        nan]
 [0.5        0.5        0.5        0.5        0.5        0.5 0.53791667 0.53958333 0.5        0.5       ]
 [0.84375    0.85833333 0.86333333 0.83583333 0.77166667 0.90625 0.75333333 0.96166667 0.96458333 0.82041667]
 [0.78708333 0.88458333 0.89333333 0.87166667 0.85333333 0.87833333 0.96041667 0.86       0.79916667 0.935     ]
 [0.8825     0.90041667 0.89708333 0.8725     0.90083333 0.96541667 0.89708333 0.92666667 0.93916667 0.89083333]
 [0.89958333 0.90583333 0.92666667 0.81708333 0.93125    0.96958333 0.93041667 0.80541667 0.835      0.81083333]
 [0.92333333 0.89       0.96791667 0.86916667 0.92041667 0.96166667 0.92416667 0.90833333 0.96458333 0.86583333]
 [0.93333333 0.93583333 0.93291667 0.94       0.9275     0.93 0.90125    0.92791667 0.93791667 0.89708333]
 [0.93291667 0.96208333 0.935      0.8925     0.96625    0.90291667 0.96333333 0.93625    0.92916667 0.96625   ]
 [0.96333333 0.96333333 0.96333333 0.96333333 0.96333333 0.96333333 0.96333333 0.96333333 0.96333333 0.96333333]]
WEASEL
[[  nan   nan   nan   nan   nan   nan   nan   nan   nan   nan]
 [0.536 0.536 0.464 0.464 0.464 0.464 0.536 0.536 0.536 0.464]
 [0.893 0.964 0.929 1.    0.929 0.929 0.929 0.893 0.964 0.929]
 [0.964 0.929 0.929 0.964 1.    0.929 0.929 0.929 0.964 0.964]
 [0.929 0.964 0.929 0.964 1.    0.929 1.    0.964 1.    1.   ]
 [0.929 1.    0.929 0.964 1.    0.929 1.    0.929 1.    1.   ]
 [0.929 0.929 0.964 1.    1.    1.    1.    0.964 1.    1.   ]
 [0.929 0.964 0.964 1.    1.    1.    1.    1.    1.    1.   ]
 [0.929 0.964 1.    1.    1.    1.    1.    0.964 1.    1.   ]
 [1.    1.    1.    1.    1.    1.    1.    1.    1.    1.   ]]
BOSS
[[0.75       0.64285714 0.67857143 0.71428571 0.5        0.64285714 0.71428571 0.57142857 0.64285714 0.57142857]
 [0.60714286 0.75       0.78571429 0.67857143 0.71428571 0.67857143 0.67857143 0.64285714 0.67857143 0.64285714]
 [0.85714286 0.57142857 0.85714286 0.71428571 0.78571429 0.75 0.71428571 0.82142857 0.82142857 0.82142857]
 [0.92857143 0.75       0.78571429 0.82142857 0.82142857 0.75 0.85714286 0.75       0.85714286 0.78571429]
 [0.85714286 0.82142857 0.71428571 0.92857143 0.82142857 0.85714286 0.82142857 0.71428571 0.78571429 0.82142857]
 [0.92857143 0.89285714 0.85714286 0.85714286 0.85714286 0.89285714 0.82142857 0.75       0.82142857 0.75      ]
 [0.78571429 0.82142857 0.85714286 0.82142857 0.82142857 0.89285714 0.78571429 0.78571429 0.89285714 0.82142857]
 [0.85714286 0.85714286 0.89285714 0.89285714 0.89285714 0.85714286 0.67857143 0.89285714 0.92857143 0.85714286]
 [0.89285714 0.82142857 0.85714286 0.85714286 0.85714286 0.89285714 0.89285714 0.78571429 0.85714286 0.89285714]
 [0.85714286 0.85714286 0.85714286 0.85714286 0.85714286 0.85714286 0.85714286 0.85714286 0.85714286 0.85714286]]
ST
[[0.21428571 0.75       0.78571429 0.78571429 0.67857143 0.96428571 0.5        0.89285714 0.78571429 0.53571429]
 [0.46428571 0.46428571 0.53571429 0.46428571 0.53571429 0.46428571 0.53571429 0.46428571 0.46428571 0.53571429]
 [0.85714286 0.78571429 0.85714286 0.60714286 0.82142857 0.89285714 0.92857143 0.71428571 0.96428571 0.60714286]
 [0.46428571 0.46428571 0.46428571 0.53571429 0.53571429 0.53571429 0.57142857 0.46428571 0.46428571 0.53571429]
 [0.96428571 1.         0.46428571 0.92857143 1.         0.96428571 0.71428571 0.85714286 0.75       0.46428571]
 [0.46428571 0.82142857 0.60714286 0.96428571 0.53571429 0.92857143 0.78571429 0.64285714 1.         0.75      ]
 [0.46428571 0.46428571 0.53571429 0.46428571 0.5        0.53571429 0.53571429 0.53571429 0.53571429 0.46428571]
 [0.92857143 0.46428571 0.92857143 0.89285714 0.75       0.46428571 0.46428571 0.46428571 0.92857143 0.53571429]
 [1.         0.46428571 0.53571429 0.46428571 0.53571429 0.53571429 0.53571429 0.46428571 0.46428571 0.53571429]
 [0.96428571 0.96428571 0.96428571 0.96428571 0.96428571 0.96428571 0.96428571 0.96428571 0.96428571 0.96428571]]
ECG200
DPSN
[[0.9075     0.82416667 0.83375    0.79       0.8725     0.83666667 0.8225     0.75666667 0.81125    0.86166667]
 [0.87958333 0.87       0.86791667 0.845      0.85125    0.88083333 0.86708333 0.86541667 0.88166667 0.84291667]
 [0.89041667 0.87291667 0.87458333 0.79833333 0.88708333 0.86916667 0.86208333 0.82416667 0.86833333 0.87583333]
 [0.87375    0.84625    0.83166667 0.88833333 0.89833333 0.87875 0.85625    0.87666667 0.85875    0.86208333]
 [0.84916667 0.8725     0.88458333 0.88666667 0.88166667 0.84375 0.85       0.85041667 0.87583333 0.9225    ]
 [0.89541667 0.83833333 0.89       0.88833333 0.88333333 0.92833333 0.8625     0.86458333 0.88291667 0.87833333]
 [0.88625    0.87916667 0.87708333 0.885      0.875      0.87333333 0.88       0.90083333 0.91291667 0.88166667]
 [0.88791667 0.84291667 0.87166667 0.89208333 0.86416667 0.91083333 0.89875    0.86541667 0.88833333 0.8725    ]
 [0.90541667 0.89916667 0.85541667 0.90458333 0.89458333 0.88208333 0.855      0.89791667 0.89416667 0.90375   ]
 [0.92166667 0.92166667 0.92166667 0.92166667 0.92166667 0.92166667 0.92166667 0.92166667 0.92166667 0.92166667]]
WEASEL
[[0.54 0.79 0.71 0.76 0.78 0.72 0.76 0.66 0.75 0.78]
 [0.72 0.77 0.77 0.78 0.82 0.73 0.76 0.76 0.71 0.79]
 [0.74 0.74 0.76 0.8  0.77 0.75 0.76 0.75 0.84 0.78]
 [0.81 0.79 0.79 0.79 0.79 0.78 0.81 0.81 0.78 0.81]
 [0.75 0.83 0.84 0.81 0.83 0.82 0.79 0.81 0.79 0.84]
 [0.78 0.82 0.85 0.86 0.82 0.87 0.81 0.8  0.83 0.87]
 [0.82 0.86 0.81 0.83 0.83 0.87 0.83 0.81 0.84 0.83]
 [0.83 0.83 0.85 0.84 0.85 0.85 0.84 0.84 0.86 0.85]
 [0.82 0.84 0.85 0.86 0.85 0.85 0.85 0.84 0.84 0.84]
 [0.85 0.85 0.85 0.85 0.85 0.85 0.85 0.85 0.85 0.85]]
BOSS
[[0.74 0.84 0.65 0.76 0.85 0.77 0.74 0.72 0.76 0.76]
 [0.79 0.8  0.78 0.78 0.76 0.8  0.88 0.78 0.71 0.72]
 [0.85 0.79 0.83 0.77 0.83 0.84 0.78 0.75 0.78 0.78]
 [0.88 0.81 0.81 0.8  0.84 0.83 0.81 0.78 0.8  0.86]
 [0.85 0.85 0.83 0.84 0.83 0.89 0.82 0.83 0.83 0.79]
 [0.85 0.83 0.82 0.85 0.83 0.89 0.85 0.82 0.89 0.82]
 [0.87 0.81 0.85 0.84 0.81 0.86 0.85 0.82 0.86 0.85]
 [0.86 0.84 0.85 0.85 0.81 0.82 0.83 0.8  0.87 0.85]
 [0.85 0.86 0.84 0.84 0.87 0.87 0.86 0.84 0.82 0.83]
 [0.84 0.84 0.84 0.84 0.84 0.84 0.84 0.84 0.84 0.84]]
ST
[[0.65 0.64 0.64 0.65 0.66 0.67 0.63 0.64 0.74 0.64]
 [0.64 0.68 0.65 0.64 0.71 0.67 0.76 0.68 0.64 0.64]
 [0.65 0.75 0.75 0.63 0.66 0.66 0.69 0.65 0.64 0.71]
 [0.65 0.65 0.65 0.66 0.65 0.65 0.67 0.71 0.63 0.64]
 [0.64 0.73 0.71 0.68 0.77 0.7  0.63 0.67 0.68 0.64]
 [0.7  0.68 0.64 0.64 0.66 0.64 0.73 0.64 0.76 0.65]
 [0.65 0.71 0.68 0.63 0.64 0.65 0.64 0.69 0.65 0.72]
 [0.64 0.72 0.64 0.66 0.63 0.7  0.74 0.64 0.64 0.64]
 [0.64 0.7  0.67 0.64 0.64 0.65 0.63 0.69 0.68 0.64]
 [0.74 0.74 0.74 0.74 0.74 0.74 0.74 0.74 0.74 0.74]]
ECGFiveDays
DPSN
[[       nan        nan        nan        nan        nan        nan        nan        nan        nan        nan]
 [       nan        nan        nan        nan        nan        nan        nan        nan        nan        nan]
 [0.60833333 0.61       0.5775     0.57041667 0.54166667 0.65375 0.59166667 0.65       0.8275     0.53833333]
 [0.95125    0.89291667 0.855      0.97708333 0.98083333 0.94166667 0.99208333 0.94166667 0.94208333 0.98958333]
 [0.96833333 0.97291667 0.99625    0.9425     0.93125    0.9425 0.9875     0.93541667 0.94458333 0.98041667]
 [0.97916667 0.86958333 0.99416667 0.99125    0.97458333 0.98 0.98791667 0.96083333 0.96916667 0.99375   ]
 [0.98375    0.94333333 0.99833333 0.9925     0.99708333 0.98916667 0.99041667 0.98875    0.97208333 0.99375   ]
 [0.98541667 0.98125    0.99125    0.99416667 0.97291667 1. 0.99       0.99541667 1.         0.99708333]
 [0.99833333 0.99791667 0.9975     0.99666667 0.99875    0.97916667 0.99625    0.99958333 0.995      0.99875   ]
 [0.99666667 0.99666667 0.99666667 0.99666667 0.99666667 0.99666667 0.99666667 0.99666667 0.99666667 0.99666667]]
WEASEL
[[  nan   nan   nan   nan   nan   nan   nan   nan   nan   nan]
 [0.497 0.503 0.497 0.497 0.503 0.503 0.497 0.503 0.497 0.503]
 [0.503 0.503 0.503 0.503 0.503 0.503 0.503 0.503 0.503 0.503]
 [0.985 0.919 0.992 0.848 0.999 0.943 0.973 0.957 0.949 0.936]
 [0.866 0.988 0.994 0.986 0.764 0.927 0.985 1.    0.987 0.986]
 [0.994 1.    1.    0.921 0.999 0.971 1.    0.949 0.973 0.999]
 [0.998 0.948 0.999 0.992 1.    0.991 0.938 0.998 0.997 0.991]
 [0.988 0.957 0.993 0.995 1.    1.    0.998 1.    0.999 0.973]
 [1.    1.    0.958 1.    1.    1.    1.    1.    1.    1.   ]
 [1.    1.    1.    1.    1.    1.    1.    1.    1.    1.   ]]
BOSS
[[0.60162602 0.78164925 0.81533101 0.73867596 0.57142857 0.72473868 0.56329849 0.81997677 0.72357724 0.79326365]
 [0.80836237 0.81533101 0.75958188 0.81649245 0.81765389 0.87688734 0.80952381 0.85365854 0.82694541 0.88385598]
 [0.86062718 0.88385598 0.70499419 0.90243902 0.90824623 0.93147503 0.88617886 0.84320557 0.87921022 0.82346109]
 [0.95238095 0.89198606 0.95702671 0.95121951 0.90592334 0.92915215 0.83855981 0.91173055 0.94192799 0.99535424]
 [0.90824623 0.96747967 0.96864111 0.94657375 0.93379791 0.89547038 0.96167247 0.86643438 0.93960511 0.97909408]
 [0.970964   0.87688734 0.99070848 0.94773519 0.96980256 0.96399535 0.93495935 0.93844367 0.97444832 0.99535424]
 [0.98373984 0.93844367 0.9941928  0.98025552 0.9825784  0.94657375 0.95934959 0.89663182 0.93263647 0.97444832]
 [0.97212544 0.8873403  0.970964   0.97793264 0.95354239 0.99070848 0.9767712  0.98722416 0.99303136 0.98141696]
 [0.98490128 0.99767712 0.99767712 0.98373984 0.99883856 0.97909408 0.99070848 0.99883856 0.99767712 0.99651568]
 [0.98025552 0.98025552 0.98025552 0.98025552 0.98025552 0.98025552 0.98025552 0.98025552 0.98025552 0.98025552]]
ST
[[0.63995354 0.7340302  0.55632985 0.63646922 0.56329849 0.70615563 0.36585366 0.64343786 0.67828107 0.71196283]
 [0.64692218 0.77700348 0.75609756 0.78164925 0.64343786 0.64576074 0.78861789 0.64924506 0.74332172 0.64924506]
 [0.60859466 0.6387921  0.4970964  0.6504065  0.60046458 0.65389082 0.64924506 0.6445993  0.65737515 0.65505226]
 [0.69454123 0.67247387 0.65969803 0.6504065  0.66202091 0.64808362 0.72357724 0.6504065  0.7630662  0.6504065 ]
 [0.66782811 0.74680604 0.64343786 0.67595819 0.64227642 0.65853659 0.6504065  0.65272938 0.64343786 0.64227642]
 [0.6213705  0.63646922 0.65389082 0.6504065  0.64692218 0.6562137 0.64227642 0.6504065  0.69454123 0.63530778]
 [0.6329849  0.66898955 0.64692218 0.64227642 0.64808362 0.62950058 0.60859466 0.65156794 0.68292683 0.65853659]
 [0.65853659 0.64808362 0.6387921  0.64343786 0.70499419 0.67595819 0.64808362 0.69454123 0.6562137  0.64111498]
 [0.64924506 0.6504065  0.6387921  0.6387921  0.6387921  0.64692218 0.6445993  0.63530778 0.64924506 0.65156794]
 [0.64576074 0.64576074 0.64576074 0.64576074 0.64576074 0.64576074 0.64576074 0.64576074 0.64576074 0.64576074]]
GunPoint
DPSN
[[0.53041667 0.74083333 0.6        0.51541667 0.73541667 0.88458333 0.82458333 0.78125    0.50666667 0.66208333]
 [0.94375    0.94083333 0.98125    0.94458333 0.96125    0.96708333 0.94583333 0.92166667 0.96125    0.975     ]
 [0.98916667 0.95166667 0.94416667 0.96333333 0.9875     0.94916667 0.93416667 0.96291667 0.96208333 0.94125   ]
 [0.96458333 0.98916667 0.975      0.96916667 0.97875    0.97708333 0.9325     0.98125    0.98458333 1.        ]
 [0.96541667 0.99583333 0.98625    0.95541667 0.9925     0.9825 0.95708333 0.94333333 1.         0.97041667]
 [0.97875    0.9925     0.99541667 0.98083333 0.97416667 0.9875 0.98041667 0.9875     0.97583333 0.99416667]
 [0.97666667 0.99375    0.98333333 0.98458333 0.99291667 0.99458333 0.99125    0.99458333 0.98583333 0.99541667]
 [1.         0.98958333 0.99583333 0.99166667 0.98791667 0.99166667 0.97625    0.97875    0.99375    1.        ]
 [1.         0.98666667 1.         0.98041667 0.99333333 0.99208333 0.9925     0.98       0.99333333 0.99083333]
 [0.99208333 0.99208333 0.99208333 0.99208333 0.99208333 0.99208333 0.99208333 0.99208333 0.99208333 0.99208333]]
WEASEL
[[0.507 0.493 0.507 0.493 0.507 0.507 0.493 0.493 0.507 0.493]
 [0.88  0.68  0.96  0.787 0.907 0.74  0.907 0.827 0.927 0.767]
 [0.887 0.913 0.833 0.867 0.913 0.807 0.693 0.887 0.947 0.86 ]
 [0.907 0.853 0.947 0.9   0.88  0.927 0.707 0.947 0.987 0.94 ]
 [0.947 0.993 0.947 0.973 0.987 0.953 0.847 0.993 0.953 0.993]
 [0.82  0.953 0.993 0.973 0.993 0.947 0.993 0.993 0.993 0.98 ]
 [0.933 0.993 0.993 0.987 0.98  0.96  1.    0.98  0.987 0.993]
 [0.993 0.987 0.993 0.98  0.993 0.993 0.993 0.973 0.953 1.   ]
 [0.967 0.98  0.993 0.967 0.987 0.993 0.993 1.    0.993 0.993]
 [1.    1.    1.    1.    1.    1.    1.    1.    1.    1.   ]]
BOSS
[[0.74666667 0.86666667 0.83333333 0.77333333 0.68666667 0.76666667 0.80666667 0.81333333 0.74666667 0.86      ]
 [0.90666667 0.83333333 0.86666667 0.81333333 0.78666667 0.76 0.85333333 0.86666667 0.88       0.88666667]
 [0.9        0.94666667 0.88       0.86       0.86666667 0.88 0.92       0.86       0.86       0.82666667]
 [0.91333333 0.87333333 0.88       0.84666667 0.89333333 0.93333333 0.95333333 0.85333333 0.84666667 0.90666667]
 [0.91333333 0.9        0.90666667 0.9        0.9        0.9 0.92       0.90666667 0.94       0.96      ]
 [0.9        0.94       0.88666667 0.92666667 0.91333333 0.88 0.90666667 0.92       0.84       0.94666667]
 [0.9        0.90666667 0.88666667 0.91333333 0.92666667 0.92 0.90666667 0.93333333 0.89333333 0.93333333]
 [0.89333333 0.9        0.92666667 0.90666667 0.88       0.91333333 0.88       0.90666667 0.89333333 0.92666667]
 [0.91333333 0.92666667 0.89333333 0.9        0.86666667 0.92 0.94       0.92666667 0.90666667 0.9       ]
 [0.92       0.92       0.92       0.92       0.92       0.92 0.92       0.92       0.92       0.92      ]]
ST
[[0.49333333 0.49333333 0.49333333 0.49333333 0.49333333 0.46666667 0.49333333 0.49333333 0.49333333 0.49333333]
 [0.74       0.79333333 0.75333333 0.8        0.92666667 0.84 0.87333333 0.72666667 0.66666667 0.86666667]
 [0.56666667 0.5        0.46666667 0.73333333 0.49333333 0.7 0.52       0.46666667 0.78666667 0.64      ]
 [0.73333333 0.82       0.88666667 0.74       0.72       0.77333333 0.7        0.72666667 0.85333333 0.72666667]
 [0.74666667 0.8        0.57333333 0.62       0.68666667 0.87333333 0.68       0.69333333 0.57333333 0.68      ]
 [0.56       0.68       0.65333333 0.49333333 0.69333333 0.46666667 0.49333333 0.49333333 0.68666667 0.49333333]
 [0.5        0.64       0.62       0.53333333 0.56666667 0.63333333 0.49333333 0.49333333 0.7        0.49333333]
 [0.54       0.63333333 0.74       0.7        0.84666667 0.61333333 0.62666667 0.48666667 0.54       0.71333333]
 [0.82       0.76666667 0.65333333 0.68666667 0.72666667 0.89333333 0.67333333 0.58666667 0.74       0.68666667]
 [0.82       0.82       0.82       0.82       0.82       0.82 0.82       0.82       0.82       0.82      ]]
GunPointAgeSpan
DPSN
[[0.8475     0.905      0.78791667 0.87708333 0.85791667 0.85333333 0.85291667 0.82541667 0.80333333 0.88125   ]
 [0.89916667 0.92       0.86791667 0.86791667 0.94333333 0.88666667 0.91916667 0.915      0.87916667 0.95375   ]
 [0.94708333 0.92625    0.95041667 0.93541667 0.92666667 0.95916667 0.95833333 0.89916667 0.95125    0.91833333]
 [0.9475     0.97541667 0.95875    0.94125    0.92541667 0.97041667 0.95708333 0.97458333 0.95916667 0.96708333]
 [0.94541667 0.96833333 0.96666667 0.97       0.92791667 0.97375 0.98833333 0.96666667 0.97625    0.95333333]
 [0.94708333 0.98458333 0.96958333 0.98125    0.96875    0.96333333 0.97166667 0.97666667 0.96875    0.96791667]
 [0.97583333 0.97       0.96208333 0.9775     0.97125    0.97958333 0.97333333 0.99208333 0.97125    0.97166667]
 [0.98125    0.95791667 0.97       0.97541667 0.97916667 0.98416667 0.96625    0.96666667 0.97625    0.93708333]
 [0.98125    0.97583333 0.97625    0.9875     0.97708333 0.97708333 0.97583333 0.97875    0.97125    0.9825    ]
 [0.97916667 0.97916667 0.97916667 0.97916667 0.97916667 0.97916667 0.97916667 0.97916667 0.97916667 0.97916667]]
WEASEL
[[0.823 0.706 0.82  0.883 0.785 0.889 0.854 0.839 0.851 0.883]
 [0.905 0.927 0.943 0.88  0.851 0.943 0.927 0.968 0.892 0.949]
 [0.959 0.984 0.911 0.943 0.921 0.962 0.959 0.921 0.953 0.946]
 [0.972 0.975 0.943 0.946 0.949 0.981 0.962 0.965 0.981 0.892]
 [0.984 0.975 0.953 0.994 0.962 0.968 0.981 0.978 0.975 0.953]
 [0.981 0.981 0.949 0.965 0.978 0.978 0.972 0.991 0.968 0.984]
 [0.984 0.984 0.953 0.981 0.981 0.991 0.972 0.987 0.965 0.978]
 [0.984 0.981 0.972 0.981 0.981 0.984 0.981 0.975 0.972 0.978]
 [0.991 0.981 0.978 0.991 0.984 0.978 0.962 0.991 0.984 0.984]
 [0.968 0.968 0.968 0.968 0.968 0.968 0.968 0.968 0.968 0.968]]
BOSS
[[0.78481013 0.85443038 0.83544304 0.77848101 0.87658228 0.83544304 0.81329114 0.75632911 0.73417722 0.78797468]
 [0.90506329 0.91139241 0.93037975 0.87974684 0.89240506 0.82594937 0.84493671 0.88607595 0.79746835 0.87974684]
 [0.88291139 0.90822785 0.88924051 0.84493671 0.9556962  0.90506329 0.91455696 0.87974684 0.90822785 0.86075949]
 [0.95253165 0.9556962  0.93670886 0.85443038 0.92405063 0.94936709 0.94303797 0.93670886 0.92405063 0.89556962]
 [0.94303797 0.91139241 0.9335443  0.93987342 0.94936709 0.9556962 0.92721519 0.92721519 0.96835443 0.94936709]
 [0.93987342 0.9556962  0.94303797 0.94620253 0.9556962  0.92088608 0.97151899 0.96518987 0.92088608 0.96202532]
 [0.91772152 0.94936709 0.94936709 0.95886076 0.95886076 0.95886076 0.96518987 0.95886076 0.9556962  0.97151899]
 [0.9556962  0.87025316 0.88607595 0.97151899 0.9556962  0.9335443 0.96518987 0.9556962  0.93037975 0.94620253]
 [0.91455696 0.93670886 0.95253165 0.96518987 0.96518987 0.94620253 0.94936709 0.94936709 0.91455696 0.90822785]
 [0.92405063 0.92405063 0.92405063 0.92405063 0.92405063 0.92405063 0.92405063 0.92405063 0.92405063 0.92405063]]
ST
[[0.92405063 0.51582278 0.50949367 0.87341772 0.74050633 0.50949367 0.66139241 0.58227848 0.54113924 0.50632911]
 [0.70253165 0.91455696 0.85126582 0.93037975 0.9556962  0.57278481 0.93037975 0.91455696 0.89240506 0.71518987]
 [0.89873418 0.91772152 0.87341772 0.91772152 0.82911392 0.88291139 0.92721519 0.9556962  0.81012658 0.7943038 ]
 [0.80696203 0.85759494 0.86708861 0.84493671 0.95886076 0.97151899 0.70253165 0.90506329 0.81012658 0.92721519]
 [0.75949367 0.87025316 0.75949367 0.53481013 0.87974684 0.79746835 0.62341772 0.90822785 0.64873418 0.91455696]
 [0.76582278 0.88607595 0.81329114 0.89240506 0.85126582 0.87974684 0.85759494 0.93987342 0.83544304 0.81012658]
 [0.84493671 0.7943038  0.87025316 0.92088608 0.98417722 0.85126582 0.74683544 0.9556962  0.93987342 0.84493671]
 [0.94620253 0.92405063 0.87974684 0.85759494 0.83860759 0.76898734 0.91139241 0.89556962 0.87658228 0.83227848]
 [0.73734177 0.93037975 0.89873418 0.91455696 0.90189873 0.88924051 0.93037975 0.97468354 0.88924051 0.86075949]
 [0.87341772 0.87341772 0.87341772 0.87341772 0.87341772 0.87341772 0.87341772 0.87341772 0.87341772 0.87341772]]
GunPointMaleVersusFemale
DPSN
[[0.87291667 0.90333333 0.93208333 0.88416667 0.81416667 0.79916667 0.75708333 0.7975     0.87416667 0.79458333]
 [0.91541667 0.91875    0.92958333 0.8925     0.92       0.91958333 0.92708333 0.87291667 0.94375    0.90541667]
 [0.9        0.94166667 0.93708333 0.94166667 0.92291667 0.92833333 0.92291667 0.9375     0.92541667 0.94041667]
 [0.95958333 0.95291667 0.92625    0.89791667 0.92666667 0.94208333 0.93333333 0.93833333 0.96625    0.94458333]
 [0.97125    0.94958333 0.95375    0.96541667 0.94791667 0.955 0.95541667 0.96833333 0.94833333 0.96208333]
 [0.9575     0.95916667 0.94375    0.97666667 0.97541667 0.94333333 0.94833333 0.94833333 0.95208333 0.94416667]
 [0.95125    0.94875    0.94958333 0.945      0.95458333 0.96875 0.96125    0.96333333 0.97041667 0.9525    ]
 [0.97041667 0.97208333 0.95083333 0.96333333 0.97041667 0.95916667 0.9725     0.95875    0.95916667 0.95166667]
 [0.95083333 0.95958333 0.96041667 0.96458333 0.95375    0.94958333 0.96625    0.9525     0.95041667 0.96916667]
 [0.965      0.965      0.965      0.965      0.965      0.965 0.965      0.965      0.965      0.965     ]]
WEASEL
[[0.953 0.886 0.921 0.905 0.801 0.896 0.905 0.886 0.965 0.873]
 [0.965 0.962 1.    0.972 0.962 0.949 0.981 0.968 0.943 0.984]
 [0.968 0.987 0.975 0.981 0.962 0.968 0.959 0.987 0.946 0.972]
 [0.946 0.991 0.981 0.981 0.991 0.994 0.975 0.975 0.991 0.997]
 [0.972 0.987 0.987 0.987 0.978 0.981 0.981 0.975 0.981 0.987]
 [0.975 0.994 0.994 0.991 0.981 0.978 0.997 0.997 0.997 0.994]
 [0.975 0.997 0.994 0.997 0.987 0.987 0.981 0.987 0.981 0.991]
 [0.994 0.997 0.997 0.994 0.991 0.991 0.994 0.991 0.994 0.997]
 [0.994 0.991 0.997 0.994 0.991 0.991 0.991 0.994 0.991 0.991]
 [0.994 0.994 0.994 0.994 0.994 0.994 0.994 0.994 0.994 0.994]]
BOSS
[[0.84177215 0.80379747 0.84810127 0.8164557  0.73101266 0.84493671 0.71835443 0.77848101 0.7943038  0.77848101]
 [0.88607595 0.85126582 0.90822785 0.8164557  0.87341772 0.89240506 0.87974684 0.84177215 0.86392405 0.81329114]
 [0.89873418 0.89556962 0.93987342 0.89240506 0.88291139 0.89873418 0.91455696 0.88607595 0.89240506 0.88924051]
 [0.89556962 0.92405063 0.91772152 0.88607595 0.92405063 0.90506329 0.92405063 0.89556962 0.91139241 0.92088608]
 [0.91455696 0.90506329 0.91139241 0.91455696 0.91139241 0.9335443 0.92088608 0.89873418 0.9335443  0.91139241]
 [0.89556962 0.89873418 0.93670886 0.93987342 0.92721519 0.93037975 0.9335443  0.93987342 0.92088608 0.89873418]
 [0.90189873 0.91139241 0.93037975 0.90822785 0.91455696 0.93037975 0.92088608 0.93037975 0.92721519 0.91455696]
 [0.91455696 0.93037975 0.91455696 0.92721519 0.92721519 0.92721519 0.91455696 0.91139241 0.92405063 0.92405063]
 [0.9335443  0.90506329 0.91139241 0.90822785 0.88924051 0.90189873 0.91772152 0.92088608 0.90822785 0.91772152]
 [0.90189873 0.90189873 0.90189873 0.90189873 0.90189873 0.90189873 0.90189873 0.90189873 0.90189873 0.90189873]]
ST
[[0.97468354 0.9778481  0.92405063 0.96202532 0.9556962  0.97151899 0.98417722 0.93670886 0.96202532 0.96518987]
 [0.95886076 0.97151899 0.98101266 0.96835443 0.98101266 0.96202532 0.96835443 0.96202532 0.96202532 0.95886076]
 [0.96835443 0.96835443 0.98101266 0.97151899 0.97151899 0.96202532 0.96518987 0.96518987 0.96518987 0.96835443]
 [0.96202532 0.96518987 0.96835443 0.96518987 0.96518987 0.97151899 0.97151899 0.96835443 0.97151899 0.97151899]
 [0.96202532 0.96518987 0.97151899 0.97151899 0.96202532 0.97151899 0.96518987 0.96518987 0.97151899 0.95886076]
 [0.95886076 0.96518987 0.97151899 0.96202532 0.97151899 0.97151899 0.96518987 0.96518987 0.97468354 0.9778481 ]
 [0.95886076 0.96202532 0.96835443 0.96835443 0.9778481  0.96835443 0.97151899 0.97151899 0.96835443 0.97151899]
 [0.96202532 0.96835443 0.97151899 0.96835443 0.95886076 0.97151899 0.97151899 0.96518987 0.96835443 0.9778481 ]
 [0.96518987 0.96518987 0.96202532 0.9778481  0.96835443 0.96518987 0.96518987 0.96835443 0.96835443 0.96518987]
 [0.96835443 0.96835443 0.96835443 0.96835443 0.96835443 0.96835443 0.96835443 0.96835443 0.96835443 0.96835443]]
GunPointOldVersusYoung
DPSN
[[0.725      0.81666667 0.78583333 0.76458333 0.84291667 0.84166667 0.74208333 0.77333333 0.8775     0.84458333]
 [0.86833333 0.86041667 0.91       0.85958333 0.90125    0.89791667 0.87666667 0.77958333 0.90125    0.90708333]
 [0.91541667 0.94125    0.90541667 0.91458333 0.9575     0.94791667 0.87166667 0.92416667 0.94291667 0.91916667]
 [0.93791667 0.96375    0.93       0.94708333 0.94458333 0.8975 0.94       0.89708333 0.9675     0.90083333]
 [0.94416667 0.95375    0.94875    0.94875    0.95125    0.88208333 0.9575     0.9475     0.93916667 0.95333333]
 [0.95375    0.97791667 0.945      0.94791667 0.97416667 0.8925 0.95291667 0.94541667 0.94958333 0.92666667]
 [0.95958333 0.95666667 0.93625    0.96125    0.95375    0.96708333 0.92291667 0.9425     0.96333333 0.95166667]
 [0.95541667 0.96916667 0.93416667 0.94875    0.95041667 0.96125 0.94208333 0.95166667 0.95083333 0.97291667]
 [0.96875    0.95333333 0.97291667 0.96791667 0.95583333 0.93916667 0.94833333 0.965      0.94958333 0.94791667]
 [0.9625     0.9625     0.9625     0.9625     0.9625     0.9625 0.9625     0.9625     0.9625     0.9625    ]]
WEASEL
[[0.654 0.613 0.879 0.746 0.832 0.8   0.803 0.549 0.892 0.794]
 [0.784 0.917 0.975 0.863 0.873 0.867 0.816 0.883 0.962 0.879]
 [0.93  1.    0.946 0.956 0.975 0.978 0.946 0.895 0.946 0.956]
 [0.99  0.978 0.994 0.99  0.981 1.    0.994 0.914 0.975 0.971]
 [0.99  0.994 0.984 0.99  0.965 0.971 0.984 0.971 0.981 0.997]
 [0.994 0.978 0.997 0.99  0.99  0.987 0.981 0.968 0.975 0.978]
 [0.997 0.994 0.994 0.997 0.987 0.99  1.    0.971 0.997 0.971]
 [0.994 0.997 0.987 1.    0.981 0.994 0.994 0.99  0.99  0.99 ]
 [0.997 0.997 0.99  0.99  0.997 0.994 0.987 0.984 0.99  0.981]
 [0.994 0.994 0.994 0.994 0.994 0.994 0.994 0.994 0.994 0.994]]
BOSS
[[0.68253968 0.7968254  0.83492063 0.69206349 0.8        0.88888889 0.76825397 0.75238095 0.73333333 0.77460317]
 [0.86666667 0.90793651 0.86031746 0.78412698 0.78095238 0.92063492 0.83492063 0.75555556 0.9047619  0.91428571]
 [0.88253968 0.8952381  0.89206349 0.84444444 0.9047619  0.92698413 0.81269841 0.85079365 0.93650794 0.87936508]
 [0.89206349 0.88253968 0.90793651 0.91111111 0.9015873  0.94285714 0.9047619  0.92380952 0.93968254 0.84444444]
 [0.82539683 0.94285714 0.91111111 0.91746032 0.90793651 0.84444444 0.88888889 0.94285714 0.93333333 0.93650794]
 [0.8984127  0.94285714 0.93968254 0.91111111 0.8952381  0.8031746 0.93015873 0.94285714 0.93333333 0.88571429]
 [0.91746032 0.92063492 0.95555556 0.94603175 0.94603175 0.93650794 0.92380952 0.93015873 0.92380952 0.91746032]
 [0.94920635 0.94603175 0.8984127  0.93333333 0.94920635 0.95555556 0.88888889 0.93968254 0.90793651 0.94603175]
 [0.93333333 0.93968254 0.91111111 0.94603175 0.93015873 0.94603175 0.95238095 0.92698413 0.8952381  0.94285714]
 [0.94920635 0.94920635 0.94920635 0.94920635 0.94920635 0.94920635 0.94920635 0.94920635 0.94920635 0.94920635]]
ST
[[0.7015873  0.68571429 0.86666667 0.65396825 0.76190476 0.74285714 0.74285714 0.53650794 0.62857143 0.56190476]
 [0.6        0.85079365 0.73015873 0.79047619 0.61587302 0.8984127 0.67301587 0.70793651 0.69206349 0.67936508]
 [0.7047619  0.9015873  0.78095238 0.8031746  0.87619048 0.8 0.75873016 0.78730159 0.8031746  0.72063492]
 [0.68888889 0.93333333 0.76825397 0.88571429 0.88571429 0.73968254 0.77460317 0.7968254  0.71111111 0.83492063]
 [0.83492063 0.82539683 0.77777778 0.66666667 0.66984127 0.6984127 0.8984127  0.82539683 0.83809524 0.71746032]
 [0.74285714 0.7015873  0.84761905 0.71111111 0.73015873 0.77777778 0.85079365 0.79047619 0.83809524 0.9047619 ]
 [0.6952381  0.81904762 0.78730159 0.86984127 0.8984127  0.90793651 0.74603175 0.87619048 0.76825397 0.7968254 ]
 [0.83174603 0.73015873 0.85714286 0.6984127  0.85714286 0.81904762 0.77460317 0.86984127 0.81587302 0.86349206]
 [0.83492063 0.66984127 0.80634921 0.87936508 0.72698413 0.86666667 0.87619048 0.84761905 0.73650794 0.78730159]
 [0.83174603 0.83174603 0.83174603 0.83174603 0.83174603 0.83174603 0.83174603 0.83174603 0.83174603 0.83174603]]
ItalyPowerDemand
DPSN
[[0.7375     0.71833333 0.75791667 0.7625     0.73       0.75958333 0.80333333 0.7925     0.61083333 0.65166667]
 [0.83583333 0.80416667 0.8575     0.82541667 0.84166667 0.645 0.75916667 0.87833333 0.81416667 0.82791667]
 [0.83041667 0.86583333 0.88791667 0.84       0.84125    0.78708333 0.84333333 0.88958333 0.83875    0.86625   ]
 [0.87458333 0.86541667 0.8225     0.86791667 0.90166667 0.85 0.85833333 0.87       0.82833333 0.82708333]
 [0.91125    0.88041667 0.91291667 0.88875    0.88791667 0.91083333 0.85375    0.89541667 0.87       0.90125   ]
 [0.89458333 0.87541667 0.88416667 0.88       0.90041667 0.89291667 0.87375    0.88875    0.88708333 0.89125   ]
 [0.905      0.88666667 0.91       0.88666667 0.92041667 0.89125 0.89333333 0.885      0.9        0.90541667]
 [0.90083333 0.90291667 0.88166667 0.90083333 0.88291667 0.92083333 0.91666667 0.89958333 0.90833333 0.89666667]
 [0.91541667 0.89791667 0.90208333 0.90625    0.90541667 0.91625 0.90708333 0.90083333 0.90041667 0.91375   ]
 [0.92166667 0.92166667 0.92166667 0.92166667 0.92166667 0.92166667 0.92166667 0.92166667 0.92166667 0.92166667]]
WEASEL
[[0.501 0.501 0.501 0.501 0.499 0.501 0.499 0.499 0.501 0.501]
 [0.793 0.847 0.794 0.909 0.858 0.859 0.81  0.811 0.848 0.75 ]
 [0.889 0.934 0.91  0.918 0.891 0.893 0.917 0.881 0.891 0.914]
 [0.934 0.937 0.942 0.938 0.935 0.93  0.914 0.945 0.907 0.936]
 [0.947 0.932 0.952 0.944 0.935 0.948 0.931 0.948 0.933 0.945]
 [0.948 0.942 0.937 0.947 0.939 0.921 0.945 0.945 0.955 0.951]
 [0.953 0.953 0.95  0.958 0.955 0.951 0.941 0.954 0.949 0.951]
 [0.949 0.964 0.958 0.93  0.931 0.95  0.942 0.943 0.954 0.95 ]
 [0.956 0.948 0.957 0.945 0.938 0.94  0.958 0.954 0.953 0.946]
 [0.95  0.95  0.95  0.95  0.95  0.95  0.95  0.95  0.95  0.95 ]]
BOSS
[[0.73469388 0.72594752 0.75510204 0.76676385 0.73663751 0.72303207 0.78134111 0.73955296 0.58503401 0.65208941]
 [0.80563654 0.79883382 0.83867833 0.79397473 0.76093294 0.71039845 0.73955296 0.84548105 0.79397473 0.79397473]
 [0.81924198 0.86880466 0.87463557 0.85131195 0.83965015 0.77939747 0.80174927 0.84645287 0.81535471 0.79980564]
 [0.86103013 0.85034014 0.83673469 0.87560739 0.88046647 0.83284742 0.80758017 0.86103013 0.82118562 0.81632653]
 [0.89698737 0.88629738 0.90087464 0.9047619  0.86005831 0.81049563 0.85131195 0.8707483  0.89407191 0.85908649]
 [0.88046647 0.84936832 0.87172012 0.86977648 0.89018465 0.85617104 0.85617104 0.88143829 0.87560739 0.86005831]
 [0.88241011 0.89212828 0.88824101 0.87755102 0.88629738 0.86297376 0.86103013 0.8931001  0.8931001  0.89115646]
 [0.90281827 0.89795918 0.87560739 0.89407191 0.87852284 0.88046647 0.89504373 0.8649174  0.89504373 0.87852284]
 [0.87560739 0.8765792  0.90087464 0.89698737 0.91350826 0.8931001 0.89504373 0.88921283 0.89407191 0.90281827]
 [0.89407191 0.89407191 0.89407191 0.89407191 0.89407191 0.89407191 0.89407191 0.89407191 0.89407191 0.89407191]]
ST
[[0.76190476 0.75121477 0.88435374 0.64431487 0.5335277  0.78717201 0.74538387 0.60058309 0.60544218 0.54907677]
 [0.73663751 0.84548105 0.57142857 0.54324587 0.56073858 0.80077745 0.55587949 0.50048591 0.57142857 0.57531584]
 [0.7638484  0.83479106 0.76579203 0.82993197 0.83576288 0.74927114 0.797862   0.83673469 0.73858115 0.64139942]
 [0.70068027 0.77842566 0.86297376 0.72206025 0.83090379 0.72594752 0.83187561 0.83965015 0.58114674 0.73275024]
 [0.62099125 0.66763848 0.71525753 0.60447036 0.78717201 0.80660836 0.59280855 0.88629738 0.82701652 0.84159378]
 [0.63168124 0.77259475 0.78134111 0.85811467 0.77356657 0.84645287 0.78425656 0.71428571 0.83965015 0.75510204]
 [0.73566569 0.82701652 0.84548105 0.61516035 0.78911565 0.60252672 0.85714286 0.67735666 0.80563654 0.68707483]
 [0.8765792  0.84159378 0.89212828 0.90087464 0.83187561 0.62487852 0.85131195 0.84936832 0.72983479 0.85228377]
 [0.86200194 0.81827017 0.77842566 0.7414966  0.83576288 0.81341108 0.7414966  0.66569485 0.86588921 0.75801749]
 [0.93488824 0.93488824 0.93488824 0.93488824 0.93488824 0.93488824 0.93488824 0.93488824 0.93488824 0.93488824]]
MoteStrain
DPSN
[[       nan        nan        nan        nan        nan        nan        nan        nan        nan        nan]
 [       nan        nan        nan        nan        nan        nan        nan        nan        nan        nan]
 [0.71166667 0.79916667 0.82208333 0.79333333 0.82166667 0.77458333 0.70291667 0.76416667 0.68416667 0.82125   ]
 [0.73333333 0.81333333 0.82583333 0.79791667 0.83875    0.8225 0.79291667 0.82       0.8325     0.80833333]
 [0.8025     0.83208333 0.81333333 0.815      0.82666667 0.82583333 0.86833333 0.76458333 0.80458333 0.79458333]
 [0.83666667 0.85833333 0.84791667 0.81875    0.79333333 0.78583333 0.84791667 0.82041667 0.79791667 0.83375   ]
 [0.82958333 0.83166667 0.84041667 0.80208333 0.82125    0.81833333 0.82375    0.81625    0.84458333 0.85166667]
 [0.82083333 0.845      0.84416667 0.87666667 0.82583333 0.79125 0.82125    0.8325     0.78916667 0.8475    ]
 [0.8175     0.84708333 0.83708333 0.85958333 0.84208333 0.80708333 0.835      0.82833333 0.84125    0.82458333]
 [0.85166667 0.85166667 0.85166667 0.85166667 0.85166667 0.85166667 0.85166667 0.85166667 0.85166667 0.85166667]]
WEASEL
[[  nan   nan   nan   nan   nan   nan   nan   nan   nan   nan]
 [0.461 0.461 0.539 0.461 0.539 0.461 0.461 0.461 0.461 0.461]
 [0.539 0.539 0.461 0.461 0.461 0.461 0.461 0.539 0.539 0.461]
 [0.858 0.783 0.824 0.755 0.707 0.877 0.836 0.847 0.82  0.793]
 [0.874 0.799 0.877 0.887 0.897 0.849 0.747 0.819 0.772 0.887]
 [0.849 0.868 0.825 0.923 0.891 0.847 0.849 0.837 0.867 0.901]
 [0.868 0.875 0.911 0.877 0.887 0.882 0.912 0.783 0.867 0.877]
 [0.917 0.912 0.935 0.919 0.885 0.925 0.919 0.9   0.915 0.908]
 [0.933 0.921 0.952 0.93  0.925 0.924 0.895 0.937 0.909 0.923]
 [0.937 0.937 0.937 0.937 0.937 0.937 0.937 0.937 0.937 0.937]]
BOSS
[[0.71884984 0.48482428 0.7899361  0.48722045 0.76916933 0.73801917 0.60063898 0.70447284 0.72284345 0.76916933]
 [0.68210863 0.76517572 0.79472843 0.76277955 0.78354633 0.75319489 0.76357827 0.7172524  0.77555911 0.65734824]
 [0.53674121 0.79153355 0.77076677 0.68210863 0.735623   0.75798722 0.75159744 0.76517572 0.74600639 0.77795527]
 [0.7715655  0.79552716 0.80990415 0.7715655  0.7899361  0.78753994 0.76597444 0.83067093 0.75319489 0.78514377]
 [0.80750799 0.80191693 0.80351438 0.78594249 0.80271565 0.76677316 0.82747604 0.81230032 0.77076677 0.76038339]
 [0.80910543 0.81549521 0.80990415 0.77635783 0.7827476  0.75798722 0.77476038 0.78434505 0.76837061 0.82348243]
 [0.80511182 0.80031949 0.82268371 0.80271565 0.78115016 0.78035144 0.76677316 0.79792332 0.80591054 0.79872204]
 [0.82348243 0.80191693 0.8115016  0.78753994 0.81709265 0.78354633 0.8115016  0.8115016  0.81070288 0.80271565]
 [0.80910543 0.8186901  0.7899361  0.81230032 0.80351438 0.79792332 0.78514377 0.82028754 0.80830671 0.8115016 ]
 [0.82108626 0.82108626 0.82108626 0.82108626 0.82108626 0.82108626 0.82108626 0.82108626 0.82108626 0.82108626]]
ST
[[0.39936102 0.42332268 0.67412141 0.57268371 0.85223642 0.78434505 0.59185304 0.51996805 0.57747604 0.79792332]
 [0.71086262 0.71884984 0.78035144 0.66533546 0.78753994 0.74840256 0.82667732 0.45846645 0.72763578 0.39456869]
 [0.76677316 0.74840256 0.75       0.74440895 0.71166134 0.7971246 0.74520767 0.72523962 0.72683706 0.75079872]
 [0.8186901  0.69968051 0.72523962 0.75159744 0.77396166 0.71325879 0.77476038 0.85303514 0.69808307 0.74361022]
 [0.79392971 0.69648562 0.67412141 0.79153355 0.85942492 0.7899361 0.76277955 0.75479233 0.82667732 0.71645367]
 [0.71405751 0.83306709 0.78594249 0.78354633 0.80910543 0.7715655 0.73482428 0.82827476 0.7284345  0.79792332]
 [0.77555911 0.73482428 0.75399361 0.73402556 0.83466454 0.86501597 0.75958466 0.79392971 0.77555911 0.76517572]
 [0.76517572 0.77715655 0.84025559 0.76357827 0.77555911 0.82028754 0.80351438 0.80031949 0.81948882 0.80670927]
 [0.78354633 0.81230032 0.82348243 0.83546326 0.87220447 0.81948882 0.88178914 0.86900958 0.83546326 0.82028754]
 [0.85543131 0.85543131 0.85543131 0.85543131 0.85543131 0.85543131 0.85543131 0.85543131 0.85543131 0.85543131]]
Plane
DPSN
[[       nan        nan        nan        nan        nan        nan        nan        nan        nan        nan]
 [0.98595237 0.9845238  0.97928571 0.99107142 1.         0.97511904 0.96499999 0.99178571 0.98511904 0.97464285]
 [1.         0.99202381 0.98749999 0.98857142 1.         1. 1.         1.         1.         0.98440475]
 [1.         0.99142857 1.         1.         1.         1. 1.         1.         1.         0.98357142]
 [1.         1.         1.         0.99345238 1.         1. 1.         1.         1.         1.        ]
 [1.         1.         1.         1.         1.         1. 1.         1.         1.         1.        ]
 [1.         1.         0.98571428 1.         1.         1. 1.         1.         0.98559523 1.        ]
 [1.         1.         1.         1.         1.         1. 1.         1.         1.         1.        ]
 [1.         1.         1.         1.         1.         1. 1.         1.         1.         1.        ]
 [1.         1.         1.         1.         1.         1. 1.         1.         1.         1.        ]]
WEASEL
[[0.99  0.924 0.99  0.905 0.857 0.971 0.99  0.99  0.99  0.971]
 [0.99  0.981 1.    1.    0.981 1.    0.99  0.99  0.99  0.99 ]
 [0.99  0.99  1.    1.    1.    1.    0.99  0.99  0.99  1.   ]
 [0.99  1.    0.99  1.    1.    1.    0.99  0.99  0.99  1.   ]
 [0.99  0.981 0.99  1.    1.    1.    0.99  0.99  0.99  0.99 ]
 [0.99  1.    0.99  1.    1.    0.99  0.99  0.99  0.99  0.99 ]
 [0.99  1.    1.    1.    1.    1.    0.99  1.    1.    1.   ]
 [0.99  1.    1.    1.    1.    1.    0.99  0.99  1.    0.99 ]
 [1.    1.    1.    1.    1.    1.    1.    1.    1.    1.   ]
 [1.    1.    1.    1.    1.    1.    1.    1.    1.    1.   ]]
BOSS
[[0.93333333 0.91428571 0.94285714 0.83809524 0.81904762 0.85714286 0.94285714 0.94285714 0.95238095 0.95238095]
 [0.95238095 1.         0.99047619 1.         1.         0.97142857 0.98095238 1.         0.97142857 0.98095238]
 [0.99047619 0.99047619 0.98095238 0.97142857 0.97142857 0.99047619 1.         0.99047619 0.99047619 0.98095238]
 [1.         0.99047619 0.98095238 0.99047619 0.98095238 1. 1.         0.99047619 1.         0.99047619]
 [1.         1.         0.99047619 0.98095238 0.99047619 1. 1.         0.99047619 1.         1.        ]
 [1.         1.         1.         0.99047619 1.         1. 1.         1.         0.99047619 1.        ]
 [1.         1.         0.99047619 0.99047619 0.98095238 1. 1.         1.         1.         1.        ]
 [1.         1.         0.98095238 1.         0.99047619 0.99047619 1.         1.         0.99047619 1.        ]
 [1.         1.         1.         1.         1.         0.99047619 1.         1.         1.         0.99047619]
 [1.         1.         1.         1.         1.         1. 1.         1.         1.         1.        ]]
ST
[[0.41904762 0.57142857 0.43809524 0.5047619  0.43809524 0.34285714 0.48571429 0.31428571 0.64761905 0.32380952]
 [0.62857143 0.53333333 0.52380952 0.53333333 0.44761905 0.67619048 0.64761905 0.53333333 0.4        0.4       ]
 [0.65714286 0.40952381 0.39047619 0.53333333 0.55238095 0.64761905 0.65714286 0.55238095 0.52380952 0.54285714]
 [0.6952381  0.51428571 0.54285714 0.7047619  0.4        0.67619048 0.5047619  0.54285714 0.57142857 0.39047619]
 [0.42857143 0.55238095 0.54285714 0.64761905 0.39047619 0.63809524 0.66666667 0.53333333 0.40952381 0.53333333]
 [0.63809524 0.55238095 0.6        0.39047619 0.54285714 0.53333333 0.53333333 0.64761905 0.53333333 0.39047619]
 [0.62857143 0.64761905 0.5047619  0.62857143 0.41904762 0.43809524 0.43809524 0.4952381  0.54285714 0.39047619]
 [0.53333333 0.39047619 0.53333333 0.39047619 0.4        0.60952381 0.53333333 0.57142857 0.58095238 0.52380952]
 [0.72380952 0.68571429 0.67619048 0.53333333 0.60952381 0.39047619 0.63809524 0.39047619 0.64761905 0.55238095]
 [0.53333333 0.53333333 0.53333333 0.53333333 0.53333333 0.53333333 0.53333333 0.53333333 0.53333333 0.53333333]]
SmoothSubspace
DPSN
[[0.43416666 0.43416666 0.41972221 0.42333332 0.3861111  0.43083332 0.42277777 0.40499999 0.48333332 0.38222221]
 [0.50222221 0.47055555 0.52638887 0.44972221 0.51083332 0.48305554 0.50777776 0.47944443 0.52083332 0.49722221]
 [0.50249999 0.52916665 0.56333332 0.46472221 0.46249999 0.49944443 0.53999998 0.59194443 0.56999998 0.54277776]
 [0.53527776 0.56333332 0.55944443 0.57055554 0.52194443 0.56499998 0.6022222  0.53444443 0.51749998 0.48749999]
 [0.52555554 0.57277776 0.61694442 0.51499999 0.4961111  0.5672222 0.52388887 0.56944443 0.55694443 0.56027776]
 [0.56583332 0.54194443 0.55833332 0.56194443 0.58527776 0.50666665 0.56249998 0.56944443 0.55499998 0.57194443]
 [0.58916665 0.62833331 0.60249998 0.56138887 0.62944442 0.5997222 0.60055554 0.59583331 0.61611109 0.63277776]
 [0.61694442 0.57638887 0.60944442 0.57111109 0.5897222  0.53694443 0.61527776 0.60249998 0.60444443 0.57999998]
 [0.64055553 0.55611109 0.66027776 0.62444442 0.61861109 0.59027776 0.59555554 0.63749998 0.6022222  0.61055554]
 [0.55916665 0.55916665 0.55916665 0.55916665 0.55916665 0.55916665 0.55916665 0.55916665 0.55916665 0.55916665]]
WEASEL
[[0.72  0.693 0.633 0.66  0.64  0.62  0.493 0.493 0.62  0.433]
 [0.74  0.667 0.66  0.787 0.753 0.727 0.773 0.633 0.653 0.707]
 [0.82  0.827 0.82  0.787 0.833 0.833 0.793 0.613 0.873 0.733]
 [0.833 0.82  0.86  0.833 0.807 0.8   0.8   0.753 0.847 0.84 ]
 [0.88  0.853 0.84  0.907 0.86  0.833 0.853 0.807 0.867 0.787]
 [0.86  0.887 0.873 0.88  0.847 0.873 0.887 0.9   0.88  0.873]
 [0.833 0.78  0.88  0.887 0.907 0.82  0.84  0.893 0.88  0.86 ]
 [0.893 0.94  0.847 0.86  0.86  0.913 0.88  0.92  0.853 0.873]
 [0.893 0.893 0.907 0.893 0.873 0.893 0.827 0.907 0.893 0.853]
 [0.867 0.867 0.867 0.867 0.867 0.867 0.867 0.867 0.867 0.867]]
BOSS
[[0.43333333 0.42       0.36       0.40666667 0.40666667 0.42 0.42       0.41333333 0.39333333 0.36666667]
 [0.44666667 0.43333333 0.48666667 0.44       0.5        0.44666667 0.45333333 0.45333333 0.50666667 0.45333333]
 [0.46666667 0.46666667 0.46666667 0.46       0.42666667 0.5 0.50666667 0.54       0.52       0.52666667]
 [0.46666667 0.57333333 0.56       0.51333333 0.5        0.54666667 0.54       0.50666667 0.50666667 0.49333333]
 [0.50666667 0.52       0.62       0.47333333 0.48       0.55333333 0.5        0.56666667 0.52666667 0.56      ]
 [0.54       0.5        0.58       0.54       0.48       0.47333333 0.54       0.56       0.49333333 0.6       ]
 [0.61333333 0.54666667 0.53333333 0.52666667 0.58666667 0.56 0.54666667 0.52666667 0.56666667 0.58666667]
 [0.56666667 0.52666667 0.50666667 0.54       0.50666667 0.56666667 0.55333333 0.54       0.54666667 0.54666667]
 [0.52       0.54666667 0.56666667 0.58       0.58       0.50666667 0.60666667 0.58666667 0.56666667 0.6       ]
 [0.48       0.48       0.48       0.48       0.48       0.48 0.48       0.48       0.48       0.48      ]]
ST
[[0.8        0.82666667 0.82666667 0.83333333 0.75333333 0.75333333 0.83333333 0.76666667 0.80666667 0.82      ]
 [0.83333333 0.81333333 0.78666667 0.80666667 0.80666667 0.84666667 0.8        0.84666667 0.84       0.83333333]
 [0.82666667 0.78       0.84       0.8        0.88666667 0.85333333 0.78666667 0.86       0.84       0.84      ]
 [0.84666667 0.81333333 0.83333333 0.86       0.86666667 0.83333333 0.82666667 0.82666667 0.88666667 0.87333333]
 [0.85333333 0.84       0.87333333 0.86       0.83333333 0.84 0.84       0.85333333 0.87333333 0.84666667]
 [0.86       0.88666667 0.88666667 0.82666667 0.81333333 0.86 0.82       0.88666667 0.87333333 0.82666667]
 [0.87333333 0.82666667 0.86       0.85333333 0.87333333 0.88666667 0.86666667 0.86666667 0.89333333 0.87333333]
 [0.87333333 0.86666667 0.89333333 0.88666667 0.83333333 0.84666667 0.88       0.88666667 0.88       0.88666667]
 [0.84666667 0.89333333 0.80666667 0.87333333 0.88666667 0.86666667 0.88       0.86       0.88       0.87333333]
 [0.89333333 0.89333333 0.89333333 0.89333333 0.89333333 0.89333333 0.89333333 0.89333333 0.89333333 0.89333333]]
SonyAIBORobotSurface1
DPSN
[[       nan        nan        nan        nan        nan        nan        nan        nan        nan        nan]
 [       nan        nan        nan        nan        nan        nan        nan        nan        nan        nan]
 [0.5        0.5        0.5        0.5        0.5        0.5 0.5        0.5        0.5        0.5       ]
 [0.5        0.5        0.5        0.5        0.5        0.5 0.5        0.5        0.5        0.5       ]
 [0.52625    0.5625     0.5        0.55958333 0.54208333 0.51791667 0.54083333 0.56375    0.54583333 0.55833333]
 [0.53458333 0.56458333 0.55958333 0.57666667 0.59125    0.51958333 0.54083333 0.50208333 0.54916667 0.57375   ]
 [0.54958333 0.57458333 0.50333333 0.61875    0.60416667 0.59416667 0.5225     0.58166667 0.55708333 0.61083333]
 [0.54041667 0.59708333 0.52833333 0.54541667 0.58875    0.56791667 0.59166667 0.57791667 0.54125    0.51416667]
 [0.57625    0.59       0.57625    0.60125    0.60958333 0.525 0.53041667 0.51208333 0.5625     0.58416667]
 [0.59458333 0.59458333 0.59458333 0.59458333 0.59458333 0.59458333 0.59458333 0.59458333 0.59458333 0.59458333]]
WEASEL
[[  nan   nan   nan   nan   nan   nan   nan   nan   nan   nan]
 [  nan   nan   nan   nan   nan   nan   nan   nan   nan   nan]
 [0.571 0.571 0.574 0.571 0.571 0.571 0.571 0.571 0.571 0.571]
 [0.562 0.436 0.434 0.677 0.549 0.604 0.444 0.656 0.566 0.519]
 [0.789 0.586 0.567 0.712 0.77  0.785 0.7   0.779 0.537 0.755]
 [0.74  0.804 0.631 0.717 0.802 0.804 0.644 0.629 0.915 0.7  ]
 [0.769 0.777 0.74  0.867 0.744 0.77  0.779 0.797 0.827 0.744]
 [0.777 0.775 0.691 0.777 0.805 0.799 0.817 0.749 0.814 0.769]
 [0.752 0.764 0.809 0.824 0.769 0.824 0.827 0.74  0.804 0.744]
 [0.81  0.81  0.81  0.81  0.81  0.81  0.81  0.81  0.81  0.81 ]]
BOSS
[[0.59900166 0.57404326 0.4359401  0.42928453 0.42928453 0.59400998 0.57071547 0.56572379 0.43427621 0.59567388]
 [0.59567388 0.42928453 0.43094842 0.5906822  0.42928453 0.61896839 0.57570715 0.58069884 0.60232945 0.42928453]
 [0.44592346 0.43261231 0.63394343 0.60732113 0.58569052 0.62229617 0.65224626 0.43261231 0.44259567 0.43427621]
 [0.45590682 0.43926789 0.6655574  0.58569052 0.59400998 0.43760399 0.60232945 0.43760399 0.63061564 0.43427621]
 [0.62229617 0.45424293 0.43427621 0.62063228 0.43427621 0.63560732 0.46755408 0.42928453 0.44925125 0.43926789]
 [0.60066556 0.63227953 0.44758735 0.63560732 0.43094842 0.61896839 0.45091514 0.65890183 0.44592346 0.44925125]
 [0.45424293 0.63227953 0.61896839 0.4608985  0.43094842 0.64559068 0.45257903 0.43926789 0.45424293 0.44925125]
 [0.45091514 0.65058236 0.62229617 0.45091514 0.45757072 0.63061564 0.65391015 0.43926789 0.6156406  0.44758735]
 [0.45257903 0.45424293 0.63394343 0.46589018 0.45590682 0.63061564 0.64559068 0.44259567 0.62229617 0.45091514]
 [0.45923461 0.45923461 0.45923461 0.45923461 0.45923461 0.45923461 0.45923461 0.45923461 0.45923461 0.45923461]]
ST
[[0.68718802 0.62396007 0.55241265 0.8202995  0.82529118 0.73876872 0.51913478 0.65391015 0.57903494 0.75873544]
 [0.54076539 0.42928453 0.42928453 0.42928453 0.49084859 0.42928453 0.46422629 0.44425957 0.43926789 0.55407654]
 [0.59400998 0.54908486 0.58069884 0.4875208  0.4625624  0.59733777 0.58402662 0.52412646 0.43094842 0.44093178]
 [0.56905158 0.4875208  0.55906822 0.52412646 0.51414309 0.44259567 0.4608985  0.45257903 0.49084859 0.57404326]
 [0.48419301 0.61397671 0.61730449 0.50915141 0.47088186 0.6655574 0.46589018 0.47920133 0.43261231 0.44259567]
 [0.51580699 0.72212978 0.6156406  0.5124792  0.48419301 0.5890183 0.55074875 0.58069884 0.64559068 0.63394343]
 [0.5391015  0.59733777 0.55407654 0.58236273 0.49251248 0.56239601 0.52079867 0.65723794 0.56073211 0.59400998]
 [0.62895175 0.63893511 0.59567388 0.60399334 0.64559068 0.60732113 0.42928453 0.58402662 0.47753744 0.67221298]
 [0.48086522 0.46422629 0.62396007 0.53244592 0.47587354 0.61397671 0.43261231 0.44425957 0.55241265 0.50915141]
 [0.54242928 0.54242928 0.54242928 0.54242928 0.54242928 0.54242928 0.54242928 0.54242928 0.54242928 0.54242928]]
SonyAIBORobotSurface2
DPSN
[[       nan        nan        nan        nan        nan        nan        nan        nan        nan        nan]
 [0.53541667 0.50416667 0.50708333 0.5        0.67333333 0.56375 0.60375    0.50333333 0.50791667 0.54833333]
 [0.77375           nan        nan        nan        nan        nan        nan        nan        nan        nan]
 [0.80666667 0.79958333 0.79916667 0.835      0.78958333 0.81 0.82083333 0.78083333 0.85416667 0.82625   ]
 [0.805      0.83958333 0.82041667 0.85125    0.83833333 0.80333333 0.80583333 0.83375    0.82125    0.855     ]
 [0.83333333 0.84375    0.84166667 0.82       0.85166667 0.83875 0.82583333 0.86375    0.8325     0.85833333]
 [0.84708333 0.88125    0.83041667 0.86583333 0.81166667 0.83416667 0.78125    0.8475     0.83583333 0.80291667]
 [0.86416667 0.86875    0.88958333 0.8675     0.845      0.82666667 0.89083333 0.85875    0.84583333 0.82625   ]
 [0.83666667 0.8675     0.8475     0.87666667 0.88583333 0.81583333 0.86833333 0.85625    0.88166667 0.87666667]
 [0.85458333 0.85458333 0.85458333 0.85458333 0.85458333 0.85458333 0.85458333 0.85458333 0.85458333 0.85458333]]
WEASEL
[[  nan   nan   nan   nan   nan   nan   nan   nan   nan   nan]
 [0.383 0.617 0.383 0.383 0.617 0.383 0.383 0.383 0.617 0.383]
 [0.383 0.383 0.383 0.383 0.383 0.383 0.383 0.383 0.383 0.384]
 [0.829 0.845 0.842 0.886 0.882 0.687 0.816 0.857 0.88  0.848]
 [0.832 0.835 0.793 0.886 0.908 0.829 0.89  0.837 0.877 0.782]
 [0.827 0.922 0.909 0.859 0.875 0.83  0.835 0.882 0.866 0.901]
 [0.937 0.893 0.917 0.836 0.853 0.804 0.832 0.877 0.872 0.909]
 [0.925 0.887 0.918 0.85  0.865 0.809 0.914 0.814 0.854 0.885]
 [0.929 0.945 0.935 0.839 0.956 0.889 0.939 0.874 0.91  0.911]
 [0.945 0.945 0.945 0.945 0.945 0.945 0.945 0.945 0.945 0.945]]
BOSS
[[0.76075551 0.48478489 0.66002099 0.55508919 0.59706191 0.72193075 0.70828961 0.53515215 0.72088143 0.70724029]
 [0.76075551 0.63903463 0.75131165 0.76810073 0.75550892 0.72717733 0.75550892 0.71143757 0.72612802 0.76810073]
 [0.78279119 0.73976915 0.78488982 0.79433368 0.77649528 0.69150052 0.74711438 0.78593914 0.76495278 0.81112277]
 [0.77649528 0.79013641 0.80377754 0.81532004 0.81217209 0.79433368 0.80587618 0.76390346 0.79748164 0.81217209]
 [0.80797482 0.79013641 0.78908709 0.83420776 0.84679958 0.81007345 0.77544596 0.83420776 0.81741868 0.80272823]
 [0.83735572 0.85099685 0.80062959 0.82896118 0.86044071 0.81741868 0.80902413 0.8363064  0.82371459 0.84155299]
 [0.82686254 0.83525708 0.818468   0.83735572 0.8247639  0.80587618 0.818468   0.82686254 0.84679958 0.83840504]
 [0.82896118 0.83735572 0.84050367 0.83001049 0.84575026 0.83210913 0.85204617 0.84260231 0.83840504 0.82161595]
 [0.83210913 0.83840504 0.84050367 0.84365163 0.84260231 0.82896118 0.86044071 0.84050367 0.84470094 0.83945435]
 [0.84155299 0.84155299 0.84155299 0.84155299 0.84155299 0.84155299 0.84155299 0.84155299 0.84155299 0.84155299]]
ST
[[0.75760756 0.38405037 0.68625393 0.44071354 0.36096537 0.6547744 0.71143757 0.35781742 0.74081847 0.60020986]
 [0.69464848 0.66002099 0.71248688 0.73032529 0.65162644 0.69254984 0.6841553  0.6547744  0.72298006 0.77124869]
 [0.7250787  0.6316894  0.68100735 0.72927597 0.63273872 0.62959077 0.6432319  0.63483736 0.61699895 0.64218258]
 [0.71668416 0.6432319  0.70933893 0.65687303 0.65897167 0.69884575 0.73242392 0.67471144 0.68730325 0.71143757]
 [0.68310598 0.66736621 0.65162644 0.71458552 0.65267576 0.71038825 0.7250787  0.66316894 0.73871983 0.73557188]
 [0.75865687 0.76915005 0.74501574 0.81427072 0.79958027 0.73871983 0.72402938 0.75236097 0.7019937  0.69779643]
 [0.63378804 0.67576076 0.73137461 0.7366212  0.70724029 0.74186779 0.69254984 0.73032529 0.69254984 0.7250787 ]
 [0.67995803 0.70094439 0.76495278 0.79328437 0.73871983 0.77439664 0.69674711 0.71563484 0.78279119 0.8247639 ]
 [0.76390346 0.75236097 0.78593914 0.75865687 0.80797482 0.74921301 0.75236097 0.79328437 0.74816369 0.76495278]
 [0.77649528 0.77649528 0.77649528 0.77649528 0.77649528 0.77649528 0.77649528 0.77649528 0.77649528 0.77649528]]
SyntheticControl
DPSN
[[0.82861109 0.66208332 0.81916664 0.78249998 0.79055553 0.80333331 0.79708331 0.70791665 0.7347222  0.72083331]
 [0.8247222  0.87888886 0.87249998 0.82499998 0.83624997 0.85986109 0.80194442 0.85027775 0.83319442 0.8134722 ]
 [0.8747222  0.86527775 0.85694442 0.88583331 0.86458331 0.84749998 0.84444442 0.85999998 0.87486109 0.8159722 ]
 [0.86069442 0.87361109 0.8709722  0.87138886 0.88041664 0.89791664 0.88263887 0.88402775 0.88166664 0.86374997]
 [0.88069442 0.90166665 0.9009722  0.89319442 0.90319442 0.87249998 0.89986109 0.89499998 0.90041664 0.87749997]
 [0.88374998 0.87388887 0.89124998 0.8947222  0.89624998 0.91888887 0.91277776 0.91680554 0.90499998 0.88611109]
 [0.90680553 0.90388887 0.90513887 0.89513887 0.90833331 0.90374998 0.90666664 0.90374998 0.89555553 0.89888887]
 [0.90319442 0.88638887 0.90444442 0.90138887 0.91777776 0.90263887 0.89652776 0.92583332 0.89930553 0.91027776]
 [0.90138887 0.91902776 0.91374998 0.91430553 0.88611109 0.90361109 0.89194442 0.92416665 0.89111109 0.92333331]
 [0.91736109 0.91736109 0.91736109 0.91736109 0.91736109 0.91736109 0.91736109 0.91736109 0.91736109 0.91736109]]
WEASEL
[[0.927 0.937 0.963 0.947 0.97  0.953 0.93  0.947 0.96  0.957]
 [0.977 0.933 0.97  0.95  0.98  0.973 0.957 0.977 0.977 0.967]
 [0.987 0.987 0.98  0.987 0.99  0.96  0.967 0.977 0.99  0.987]
 [0.97  0.993 0.97  0.957 0.99  0.973 0.97  0.977 0.98  0.987]
 [0.983 0.987 0.987 0.993 0.977 0.973 0.99  0.99  0.98  0.99 ]
 [0.99  0.99  0.987 0.99  0.98  0.99  0.99  0.99  0.977 0.98 ]
 [0.993 0.99  0.99  0.993 0.997 0.987 0.99  0.99  0.99  0.99 ]
 [0.993 0.99  0.987 0.987 0.99  0.993 0.993 0.99  0.99  0.973]
 [0.99  0.99  0.99  0.987 0.99  0.99  0.993 0.987 0.99  0.99 ]
 [0.99  0.99  0.99  0.99  0.99  0.99  0.99  0.99  0.99  0.99 ]]
BOSS
[[0.76666667 0.73333333 0.76333333 0.77666667 0.77666667 0.76666667 0.77333333 0.77333333 0.76       0.76666667]
 [0.80666667 0.82       0.81333333 0.81       0.79666667 0.80333333 0.76666667 0.78333333 0.80333333 0.77666667]
 [0.80666667 0.79       0.83666667 0.84       0.83       0.85666667 0.79       0.8        0.83666667 0.82      ]
 [0.84333333 0.82333333 0.84333333 0.83333333 0.83333333 0.80666667 0.8        0.77666667 0.81       0.79666667]
 [0.81666667 0.83666667 0.82666667 0.83666667 0.84       0.82666667 0.80666667 0.79333333 0.82333333 0.80666667]
 [0.81333333 0.79333333 0.84333333 0.84333333 0.82       0.80666667 0.82666667 0.86       0.83333333 0.80333333]
 [0.81       0.83333333 0.83       0.81333333 0.84666667 0.83666667 0.8        0.82333333 0.83333333 0.83333333]
 [0.83666667 0.79       0.80666667 0.83       0.81       0.82 0.83666667 0.82       0.80666667 0.83      ]
 [0.83666667 0.83       0.80333333 0.83666667 0.80333333 0.83 0.84       0.83       0.82333333 0.83666667]
 [0.85333333 0.85333333 0.85333333 0.85333333 0.85333333 0.85333333 0.85333333 0.85333333 0.85333333 0.85333333]]
ST
[[0.75       0.88333333 0.63       0.64       0.74666667 0.86 0.87666667 0.71666667 0.76       0.81      ]
 [0.91666667 0.84       0.97       0.93       0.94333333 0.79666667 0.75666667 0.81666667 0.95333333 0.83      ]
 [0.93333333 0.97       0.91333333 0.93       0.89666667 0.77666667 0.84666667 0.92333333 0.93       0.86333333]
 [0.93666667 0.93       0.96       0.76666667 0.95666667 0.85666667 0.91666667 0.91       0.93       0.85666667]
 [0.81666667 0.90333333 0.96       0.88       0.97666667 0.89666667 0.90666667 0.77333333 0.86333333 0.94      ]
 [0.96333333 0.93666667 0.92666667 0.92333333 0.88       0.95 0.95       0.94       0.89       0.93      ]
 [0.84333333 0.80333333 0.93       0.95666667 0.81       0.94 0.83333333 0.87333333 0.70666667 0.83666667]
 [0.9        0.96333333 0.90666667 0.64       0.95333333 0.76666667 0.82666667 0.95666667 0.97       0.89666667]
 [0.75666667 0.81333333 0.81333333 0.79333333 0.42666667 0.71 0.78666667 0.67       0.69666667 0.62666667]
 [0.65333333 0.65333333 0.65333333 0.65333333 0.65333333 0.65333333 0.65333333 0.65333333 0.65333333 0.65333333]]
ToeSegmentation1
DPSN
[[       nan        nan        nan        nan        nan        nan        nan        nan        nan        nan]
 [0.90958333 0.93875    0.94541667 0.88375    0.97208333 0.91125 0.95375    0.85375    0.94208333 0.95041667]
 [0.98125    0.95375    0.96166667 0.94333333 0.97916667 0.97125 0.95458333 0.95541667 0.9625     0.955     ]
 [0.96541667 0.95166667 0.96083333 0.97708333 0.97708333 0.96083333 0.97208333 0.96041667 0.96083333 0.96166667]
 [0.97666667 0.95291667 0.95958333 0.96416667 0.96708333 0.96458333 0.95583333 0.97166667 0.96541667 0.9625    ]
 [0.97666667 0.965      0.9775     0.96833333 0.97125    0.96833333 0.96958333 0.96625    0.97       0.96833333]
 [0.9675     0.96875    0.95333333 0.97166667 0.965      0.97333333 0.96375    0.97       0.97166667 0.96666667]
 [0.97833333 0.97541667 0.97833333 0.97875    0.97916667 0.9775 0.97125    0.97458333 0.97791667 0.97666667]
 [0.99       0.98291667 0.97291667 0.97541667 0.97       0.97333333 0.97625    0.975      0.97875    0.95791667]
 [0.9775     0.9775     0.9775     0.9775     0.9775     0.9775 0.9775     0.9775     0.9775     0.9775    ]]
WEASEL
[[0.474 0.526 0.474 0.474 0.474 0.474 0.526 0.526 0.474 0.474]
 [0.825 0.868 0.553 0.759 0.715 0.68  0.746 0.772 0.724 0.588]
 [0.768 0.855 0.697 0.825 0.794 0.776 0.772 0.855 0.781 0.803]
 [0.899 0.789 0.803 0.763 0.825 0.82  0.794 0.912 0.925 0.846]
 [0.886 0.689 0.789 0.899 0.877 0.89  0.759 0.864 0.868 0.947]
 [0.895 0.877 0.93  0.899 0.899 0.895 0.899 0.939 0.934 0.961]
 [0.846 0.947 0.763 0.912 0.939 0.798 0.908 0.89  0.882 0.912]
 [0.917 0.877 0.947 0.943 0.943 0.943 0.961 0.917 0.908 0.921]
 [0.947 0.912 0.934 0.961 0.93  0.947 0.921 0.934 0.798 0.943]
 [0.917 0.917 0.917 0.917 0.917 0.917 0.917 0.917 0.917 0.917]]
BOSS
[[0.81140351 0.72368421 0.77631579 0.70614035 0.74122807 0.68859649 0.8377193  0.78070175 0.78070175 0.71491228]
 [0.86403509 0.82017544 0.8377193  0.70175439 0.86403509 0.81578947 0.78508772 0.89912281 0.78947368 0.79824561]
 [0.82017544 0.81578947 0.85964912 0.87719298 0.84649123 0.81578947 0.88596491 0.9122807  0.89035088 0.81578947]
 [0.87280702 0.78947368 0.87280702 0.89473684 0.86403509 0.76315789 0.86842105 0.9254386  0.87280702 0.87280702]
 [0.88596491 0.82017544 0.89035088 0.87719298 0.85087719 0.86403509 0.84210526 0.86842105 0.87280702 0.87719298]
 [0.84210526 0.90350877 0.89912281 0.89473684 0.85526316 0.89912281 0.92105263 0.90789474 0.85526316 0.87719298]
 [0.87719298 0.90789474 0.86403509 0.86842105 0.91666667 0.87719298 0.83333333 0.87280702 0.88596491 0.92105263]
 [0.87280702 0.90789474 0.90789474 0.93859649 0.90350877 0.89912281 0.89912281 0.90789474 0.90350877 0.88596491]
 [0.9122807  0.92105263 0.93421053 0.93421053 0.89473684 0.9122807 0.90350877 0.91666667 0.90789474 0.91666667]
 [0.90789474 0.90789474 0.90789474 0.90789474 0.90789474 0.90789474 0.90789474 0.90789474 0.90789474 0.90789474]]
ST
[[0.79824561 0.73684211 0.72807018 0.70614035 0.72368421 0.69298246 0.60964912 0.67105263 0.65350877 0.5       ]
 [0.80263158 0.75       0.84649123 0.71052632 0.80701754 0.86403509 0.76754386 0.64912281 0.73684211 0.76754386]
 [0.78947368 0.72807018 0.75       0.68421053 0.75       0.77192982 0.81140351 0.85526316 0.85087719 0.76315789]
 [0.77192982 0.74561404 0.8245614  0.80263158 0.78947368 0.75 0.79824561 0.89912281 0.81578947 0.79385965]
 [0.84649123 0.76754386 0.79824561 0.79385965 0.71491228 0.81140351 0.78508772 0.75438596 0.78070175 0.76315789]
 [0.84210526 0.80701754 0.79385965 0.79385965 0.76754386 0.84210526 0.78947368 0.76754386 0.76754386 0.80701754]
 [0.74561404 0.78947368 0.78947368 0.76754386 0.75438596 0.72368421 0.75877193 0.78947368 0.81578947 0.80701754]
 [0.80701754 0.8245614  0.77631579 0.83333333 0.81140351 0.78947368 0.79824561 0.82017544 0.88596491 0.80263158]
 [0.80701754 0.8245614  0.82017544 0.82017544 0.84649123 0.82017544 0.81140351 0.80701754 0.78508772 0.78947368]
 [0.82017544 0.82017544 0.82017544 0.82017544 0.82017544 0.82017544 0.82017544 0.82017544 0.82017544 0.82017544]]
TwoLeadECG
DPSN
[[       nan        nan        nan        nan        nan        nan        nan        nan        nan        nan]
 [       nan        nan        nan        nan        nan        nan        nan        nan        nan        nan]
 [0.90333333 0.89666667 0.90333333 0.8775     0.85791667 0.90791667 0.89458333 0.90208333 0.82       0.89125   ]
 [0.91208333 0.94666667 0.95166667 0.9625     0.96041667 0.89 0.94208333 0.90416667 0.8125     0.9425    ]
 [0.91791667 0.95208333 0.95333333 0.95041667 0.94083333 0.93625 0.91458333 0.92166667 0.90791667 0.95333333]
 [0.91833333 0.95625    0.94       0.91791667 0.92       0.8525 0.93958333 0.93583333 0.9375     0.88583333]
 [0.95666667 0.95458333 0.95458333 0.9475     0.94708333 0.94291667 0.93958333 0.95375    0.9525     0.95208333]
 [0.93416667 0.96458333 0.9375     0.94291667 0.95708333 0.95083333 0.92958333 0.96125    0.94333333 0.935     ]
 [0.93458333 0.955      0.9475     0.94291667 0.9475     0.92375 0.94625    0.94416667 0.94541667 0.94916667]
 [0.94958333 0.94958333 0.94958333 0.94958333 0.94958333 0.94958333 0.94958333 0.94958333 0.94958333 0.94958333]]
WEASEL
[[  nan   nan   nan   nan   nan   nan   nan   nan   nan   nan]
 [0.5   0.5   0.5   0.5   0.5   0.5   0.5   0.5   0.5   0.5  ]
 [0.5   0.5   0.5   0.5   0.5   0.5   0.5   0.5   0.5   0.5  ]
 [0.887 0.963 0.963 0.99  0.795 0.774 0.901 0.731 0.5   0.786]
 [0.966 0.946 0.938 0.942 0.895 0.947 0.966 0.788 0.884 0.969]
 [0.964 0.996 0.999 0.986 0.853 0.904 0.859 0.896 0.867 0.898]
 [0.953 0.993 0.989 0.998 0.978 0.973 0.998 0.993 0.969 0.988]
 [0.988 0.986 0.995 0.994 0.982 0.991 0.991 0.989 0.989 0.962]
 [0.993 0.997 0.998 0.981 0.994 0.983 0.997 0.993 0.989 0.996]
 [0.995 0.995 0.995 0.995 0.995 0.995 0.995 0.995 0.995 0.995]]
BOSS
[[0.89727831 0.73924495 0.85074627 0.86215979 0.85074627 0.44424934 0.67164179 0.80421422 0.61457419 0.8358209 ]
 [0.89376646 0.85601405 0.89727831 0.89113257 0.84986831 0.64179104 0.78138718 0.76646181 0.91395961 0.7023705 ]
 [0.8595259  0.91044776 0.78402107 0.81387182 0.80684811 0.80772608 0.87269535 0.85250219 0.809482   0.87884109]
 [0.83406497 0.85425812 0.89727831 0.93503073 0.89552239 0.77699737 0.92888499 0.88674276 0.82440737 0.92976295]
 [0.89464442 0.8762072  0.94732221 0.91834943 0.92976295 0.84723442 0.9165935  0.90430202 0.85601405 0.88937665]
 [0.89815628 0.93239684 0.90605795 0.89903424 0.86742757 0.8191396 0.87357331 0.94205443 0.90430202 0.89815628]
 [0.9165935  0.9165935  0.93854258 0.92273924 0.94907814 0.90166813 0.87796313 0.89552239 0.90079017 0.92361721]
 [0.92098332 0.93503073 0.92976295 0.92888499 0.86479368 0.92010536 0.92976295 0.92361721 0.90430202 0.92361721]
 [0.92712906 0.94205443 0.93239684 0.92361721 0.92098332 0.90605795 0.92712906 0.91834943 0.92449517 0.93678665]
 [0.91834943 0.91834943 0.91834943 0.91834943 0.91834943 0.91834943 0.91834943 0.91834943 0.91834943 0.91834943]]
ST
[[0.73748903 0.73485514 0.72958736 0.74626866 0.69359087 0.34591747 0.71817384 0.63125549 0.52063213 0.57330992]
 [0.68920105 0.7260755  0.74451273 0.76382792 0.69095698 0.74100088 0.56453029 0.72695347 0.74451273 0.6453029 ]
 [0.67251975 0.64179104 0.72256365 0.75329236 0.65057068 0.70149254 0.69446883 0.76470588 0.81299385 0.65935031]
 [0.76997366 0.69973661 0.76294996 0.59964881 0.64091308 0.75065847 0.50219491 0.7427568  0.54697103 0.56540825]
 [0.94117647 0.80070237 0.73836699 0.65057068 0.78226514 0.81474978 0.66374012 0.61281826 0.75065847 0.82791923]
 [0.76119403 0.7357331  0.81211589 0.75680421 0.71202809 0.71992976 0.80684811 0.81123793 0.57945566 0.81650571]
 [0.6356453  0.79631255 0.76821773 0.75680421 0.78138718 0.68920105 0.7594381  0.8024583  0.73134328 0.76294996]
 [0.61984197 0.7594381  0.809482   0.80684811 0.76821773 0.78050922 0.80070237 0.79894644 0.71553995 0.81035996]
 [0.79455663 0.78753292 0.809482   0.81562774 0.7690957  0.79455663 0.74451273 0.77875329 0.785777   0.7594381 ]
 [0.79455663 0.79455663 0.79455663 0.79455663 0.79455663 0.79455663 0.79455663 0.79455663 0.79455663 0.79455663]]
UMD
DPSN
[[       nan        nan        nan        nan        nan        nan        nan        nan        nan        nan]
 [0.61583331 0.47277777 0.55694443 0.51638888 0.62444442 0.45999999 0.50277777 0.51833332 0.43222221 0.38888888]
 [0.78249997 0.8797222  0.68583331 0.82416664 0.83277775 0.78916664 0.69999997 0.68861109 0.74166664 0.83277775]
 [0.85138886 0.87249998 0.82666664 0.81749997 0.77972219 0.86694442 0.8772222  0.7072222  0.89361109 0.7347222 ]
 [0.8522222  0.89333331 0.8972222  0.84222219 0.8133333  0.8272222 0.87611109 0.83999997 0.87027775 0.84999998]
 [0.91777776 0.87194442 0.85277775 0.8847222  0.92611109 0.88083331 0.88555553 0.88416665 0.8997222  0.90166665]
 [0.93944443 0.87888887 0.88416665 0.91999998 0.90999998 0.78749997 0.87361109 0.93499998 0.88916665 0.90388887]
 [0.93416665 0.8972222  0.89111109 0.88583331 0.90555554 0.89861109 0.93166665 0.91055554 0.91027776 0.93194443]
 [0.91305554 0.9361111  0.90194442 0.92194443 0.88944442 0.89861109 0.87888886 0.83833331 0.9222222  0.92694443]
 [0.91111109 0.91111109 0.91111109 0.91111109 0.91111109 0.91111109 0.91111109 0.91111109 0.91111109 0.91111109]]
WEASEL
[[  nan   nan   nan   nan   nan   nan   nan   nan   nan   nan]
 [0.556 0.632 0.569 0.542 0.549 0.535 0.576 0.535 0.597 0.465]
 [0.625 0.653 0.66  0.569 0.639 0.493 0.757 0.611 0.694 0.708]
 [0.729 0.569 0.736 0.569 0.812 0.674 0.715 0.646 0.715 0.66 ]
 [0.91  0.688 0.847 0.757 0.736 0.688 0.715 0.764 0.785 0.757]
 [0.917 0.771 0.868 0.792 0.819 0.715 0.729 0.889 0.875 0.792]
 [0.931 0.792 0.924 0.868 0.917 0.806 0.875 0.812 0.826 0.861]
 [0.938 0.826 0.792 0.903 0.778 0.819 0.868 0.861 0.84  0.875]
 [0.91  0.84  0.875 0.924 0.924 0.924 0.931 0.91  0.882 0.903]
 [0.931 0.931 0.931 0.931 0.931 0.931 0.931 0.931 0.931 0.931]]
BOSS
[[0.5625     0.63194444 0.52777778 0.49305556 0.72916667 0.61805556 0.65277778 0.52777778 0.70138889 0.63194444]
 [0.79166667 0.66666667 0.63194444 0.6875     0.85416667 0.70138889 0.74305556 0.72222222 0.59722222 0.71527778]
 [0.86111111 0.77777778 0.79166667 0.80555556 0.8125     0.77083333 0.875      0.74305556 0.72222222 0.875     ]
 [0.85416667 0.82638889 0.79861111 0.8125     0.82638889 0.8125 0.80555556 0.89583333 0.8125     0.88888889]
 [0.88194444 0.92361111 0.89583333 0.89583333 0.77777778 0.81944444 0.84722222 0.73611111 0.91666667 0.89583333]
 [0.89583333 0.91666667 0.92361111 0.92361111 0.92361111 0.82638889 0.83333333 0.90277778 0.92361111 0.90277778]
 [0.90277778 0.85416667 0.92361111 0.90972222 0.90972222 0.88888889 0.92361111 0.90972222 0.9375     0.9375    ]
 [0.91666667 0.90972222 0.93055556 0.92361111 0.93055556 0.90972222 0.89583333 0.92361111 0.9375     0.90277778]
 [0.90277778 0.92361111 0.92361111 0.92361111 0.92361111 0.91666667 0.93055556 0.91666667 0.92361111 0.90972222]
 [0.93055556 0.93055556 0.93055556 0.93055556 0.93055556 0.93055556 0.93055556 0.93055556 0.93055556 0.93055556]]
ST
[[0.53472222 0.48611111 0.65277778 0.60416667 0.65277778 0.52777778 0.56944444 0.52083333 0.55555556 0.48611111]
 [0.76388889 0.75694444 0.74305556 0.75       0.69444444 0.69444444 0.72222222 0.83333333 0.74305556 0.70138889]
 [0.90972222 0.86805556 0.79166667 0.79166667 0.6875     0.80555556 0.72916667 0.84722222 0.79861111 0.89583333]
 [0.84027778 0.68055556 0.77083333 0.79166667 0.83333333 0.82638889 0.84722222 0.8125     0.875      0.77083333]
 [0.88888889 0.79166667 0.90972222 0.83333333 0.84722222 0.83333333 0.82638889 0.79861111 0.95138889 0.875     ]
 [0.86111111 0.84027778 0.90277778 0.84027778 0.80555556 0.75 0.83333333 0.97916667 0.98611111 0.86111111]
 [0.97916667 0.86805556 0.86805556 0.85416667 0.85416667 0.83333333 0.81944444 0.77777778 0.92361111 0.90972222]
 [0.85416667 0.77777778 0.97222222 0.85416667 0.83333333 0.93055556 0.86111111 0.86805556 0.86805556 0.89583333]
 [0.9375     0.79166667 0.96527778 0.8125     0.86111111 0.84722222 0.84027778 0.95833333 0.83333333 0.83333333]
 [0.86805556 0.86805556 0.86805556 0.86805556 0.86805556 0.86805556 0.86805556 0.86805556 0.86805556 0.86805556]]
Wine
DPSN
[[0.5        0.5        0.59666667 0.56916667 0.55875    0.56583333 0.58666667 0.68125    0.56916667 0.46416667]
 [0.635      0.54541667 0.73583333 0.66708333 0.75666667 0.59875 0.65666667 0.63958333 0.54       0.67666667]
 [0.64       0.715      0.68416667 0.55083333 0.67       0.53625 0.61791667 0.75958333 0.71083333 0.75083333]
 [0.62875    0.74       0.75375    0.6575     0.68708333 0.73541667 0.65916667 0.75291667 0.68083333 0.63875   ]
 [0.6725     0.65291667 0.73958333 0.74833333 0.6925     0.65083333 0.63958333 0.70375    0.69958333 0.57666667]
 [0.60958333 0.68583333 0.715      0.7325     0.70791667 0.72458333 0.7525     0.7        0.71708333 0.73208333]
 [0.72375    0.76083333 0.71333333 0.7075     0.69125    0.77125 0.64       0.70916667 0.68333333 0.63208333]
 [0.72291667 0.73541667 0.69875    0.71291667 0.73875    0.73375 0.64541667 0.75666667 0.76375    0.68583333]
 [0.80541667 0.71916667 0.74416667 0.76583333 0.75083333 0.82541667 0.78625    0.77916667 0.76958333 0.67791667]
 [0.74583333 0.74583333 0.74583333 0.74583333 0.74583333 0.74583333 0.74583333 0.74583333 0.74583333 0.74583333]]
WEASEL
[[0.5   0.5   0.5   0.5   0.5   0.5   0.5   0.5   0.5   0.5  ]
 [0.889 0.5   0.685 0.685 0.685 0.741 0.593 0.537 0.426 0.667]
 [0.611 0.648 0.537 0.519 0.704 0.63  0.593 0.593 0.685 0.704]
 [0.833 0.833 0.519 0.685 0.815 0.685 0.741 0.611 0.741 0.593]
 [0.722 0.759 0.574 0.815 0.685 0.611 0.852 0.889 0.778 0.5  ]
 [0.759 0.852 0.833 0.815 0.87  0.815 0.759 0.685 0.778 0.648]
 [0.852 0.593 0.815 0.87  0.796 0.667 0.778 0.852 0.722 0.889]
 [0.815 0.833 0.778 0.796 0.759 0.778 0.852 0.722 0.778 0.87 ]
 [0.778 0.833 0.796 0.87  0.815 0.796 0.778 0.833 0.741 0.833]
 [0.87  0.87  0.87  0.87  0.87  0.87  0.87  0.87  0.87  0.87 ]]
BOSS
[[0.62962963 0.5        0.51851852 0.61111111 0.59259259 0.48148148 0.51851852 0.51851852 0.48148148 0.5       ]
 [0.55555556 0.57407407 0.61111111 0.55555556 0.68518519 0.55555556 0.46296296 0.57407407 0.5        0.64814815]
 [0.53703704 0.62962963 0.57407407 0.53703704 0.51851852 0.61111111 0.59259259 0.57407407 0.53703704 0.62962963]
 [0.57407407 0.72222222 0.68518519 0.64814815 0.66666667 0.68518519 0.55555556 0.68518519 0.57407407 0.59259259]
 [0.55555556 0.75925926 0.62962963 0.68518519 0.66666667 0.55555556 0.62962963 0.51851852 0.7037037  0.51851852]
 [0.62962963 0.61111111 0.72222222 0.66666667 0.64814815 0.68518519 0.62962963 0.59259259 0.55555556 0.53703704]
 [0.64814815 0.59259259 0.62962963 0.61111111 0.61111111 0.62962963 0.46296296 0.57407407 0.57407407 0.57407407]
 [0.66666667 0.64814815 0.61111111 0.57407407 0.53703704 0.64814815 0.64814815 0.62962963 0.64814815 0.62962963]
 [0.68518519 0.68518519 0.61111111 0.55555556 0.61111111 0.59259259 0.57407407 0.62962963 0.62962963 0.53703704]
 [0.68518519 0.68518519 0.68518519 0.68518519 0.68518519 0.68518519 0.68518519 0.68518519 0.68518519 0.68518519]]
ST
[[0.5 0.5 0.5 0.5 0.5 0.5 0.5 0.5 0.5 0.5]
 [0.5 0.5 0.5 0.5 0.5 0.5 0.5 0.5 0.5 0.5]
 [0.5 0.5 0.5 0.5 0.5 0.5 0.5 0.5 0.5 0.5]
 [0.5 0.5 0.5 0.5 0.5 0.5 0.5 0.5 0.5 0.5]
 [0.5 0.5 0.5 0.5 0.5 0.5 0.5 0.5 0.5 0.5]
 [0.5 0.5 0.5 0.5 0.5 0.5 0.5 0.5 0.5 0.5]
 [0.5 0.5 0.5 0.5 0.5 0.5 0.5 0.5 0.5 0.5]
 [0.5 0.5 0.5 0.5 0.5 0.5 0.5 0.5 0.5 0.5]
 [0.5 0.5 0.5 0.5 0.5 0.5 0.5 0.5 0.5 0.5]
 [0.5 0.5 0.5 0.5 0.5 0.5 0.5 0.5 0.5 0.5]]
[[         nan  55.88333176  75.06110863  76.68055277  78.72499728  79.37499731  83.03055287  81.0916639   82.51944174  83.11110835]
 [         nan          nan  67.24721996  69.74999771  73.81110849  71.99999762  78.34166406  74.3583308   76.40555295  87.69444206]
 [         nan          nan  91.23610927  96.06111011  94.98055436  97.5777771   97.58333265  97.22499921  97.87222161  92.27777587]
 [         nan          nan  70.92083333  73.94583333  77.31666667  80.40833333  83.14583333  83.37916667  85.27083333  86.04166667]
 [         nan  50.775       85.79166667  87.22916667  90.725  88.31666667  91.95416667  92.6375      93.86666667  96.33333333]
 [ 83.16666667  86.51666667  86.22916667  86.70833333  87.17083333  88.12083333  88.5125      87.94583333  88.92083333  92.16666667]
 [         nan          nan  61.69166667  94.64166667  96.01666667  97.00416667  98.49166667  99.075       99.57916667  99.66666667]
 [ 67.8125      95.425       95.85416667  97.52083333  97.4875  98.47083333  98.92916667  99.05416667  99.09166667  99.20833333]
 [ 84.91666667  90.52083333  93.72083333  95.76666667  96.36666667  96.99583333  97.44583333  96.94166667  97.83333333  97.91666667]
 [ 84.29166667  91.45        92.97916667  93.87916667  95.77083333  95.4875      95.65416667  96.28333333  95.77083333  96.5       ]
 [ 80.14166667  87.62083333  92.4         93.2625      94.2625  94.65833333  95.15        95.36666667  95.6875      96.25      ]
 [ 73.24166667  80.89166667  84.90416667  85.65833333  89.125  88.68333333  89.8375      90.1125      90.65416667  92.16666667]
 [         nan          nan  76.95        80.85416667  81.475  82.40833333  82.79583333  82.94166667  83.39583333  85.16666667]
 [         nan  98.32499934  99.52499978  99.74999989  99.93452378 100.          99.71309511 100.         100.         100.        ]
 [ 42.2166657   49.48055429  52.6638874   54.57222056  55.04166501  55.78888719  60.55833138  59.0277759   61.36110909  55.91666496]
 [         nan          nan  50.          50.          54.17083333  55.12083333  57.16666667  55.92916667  56.675       59.45833333]
 [         nan  54.47083333          nan  81.22083333  82.7375  84.09583333  83.37916667  85.83333333  86.12916667  85.45833333]
 [ 76.46805334  83.96110864  85.90138647  87.6708309   89.24999768  89.7944422   90.27916444  90.47777563  90.68749787  91.73610912]
 [         nan  92.60833333  96.17916667  96.47916667  96.40416667  97.0125      96.71666667  97.67916667  97.525       97.75      ]
 [         nan          nan  88.54583333  92.24583333  93.48333333  92.0375      95.0125      94.5625      94.3625      94.95833333]
 [         nan  50.88610993  77.57221955  82.27499744  85.61944192  89.05277558  89.21666461  90.96944249  90.27499799  91.11110909]
 [ 55.91666667  64.51666667  66.35416667  69.34166667  67.7625  70.77083333  70.325       71.94166667  76.2375      74.58333333]]
[[72.01913545 75.55546249 80.55846497 83.88699437 85.34714948 86.05366108 87.41997599 87.4015146  88.18731006 88.88510043]
 [69.22331402 75.23095497 78.22558235 81.14108474 81.91435238 83.14219463 83.58538357 84.1440993  84.84996998 84.40919266]
 [70.1        70.59142857 74.58136364 85.28227273 87.96909091 90.09181818 90.92590909 92.07       92.72904762 94.07727273]
 [63.50357867 68.15639508 71.75025841 71.26731398 73.06380259 73.28263517 70.99427405 73.81963068 73.38982403 77.6937046 ]]
[[           nan 6.51116994e+00 9.18704590e+00 3.06682897e+00 3.72440758e+00 3.54035917e+00 2.06171950e+00 1.69079984e+00 2.80860823e+00 1.11022302e-14]
 [           nan            nan 7.43490693e+00 9.39591254e+00 5.43851415e+00 8.93253132e+00 5.62514818e+00 8.53385081e+00 6.48024287e+00 1.11022302e-14]
 [           nan            nan 5.41997500e+00 2.32434827e+00 4.51299743e+00 1.66873986e+00 1.38599735e+00 1.73394134e+00 7.83825896e-01 1.11022302e-14]
 [           nan            nan 4.02554560e+00 4.20416667e+00 3.23764747e+00 3.10967353e+00 2.57776618e+00 2.15964005e+00 1.54439511e+00 1.11022302e-14]
 [           nan 1.55044796e+00 6.70662504e+00 5.04453259e+00 2.67642745e+00 5.71420622e+00 3.54971879e+00 1.41618252e+00 2.49609417e+00            nan]
 [4.03306645e+00 1.36221327e+00 2.73513977e+00 1.89754959e+00 2.30228223e+00 2.24300224e+00 1.18337001e+00 1.88193624e+00 1.81711099e+00 1.11022302e-14]
 [           nan            nan 7.94414529e+00 4.16896603e+00 2.23701500e+00 3.50626671e+00 1.55621514e+00 8.25967446e-01 5.69005590e-01            nan]
 [1.28831319e+01 1.71419725e+00 1.75101657e+00 1.70978089e+00 1.83523103e+00 7.34338799e-01 5.99493420e-01 7.55546620e-01 6.54259548e-01 1.11022302e-14]
 [3.38424659e+00 2.85641639e+00 1.85349239e+00 1.50637534e+00 1.63286558e+00 9.81681169e-01 7.42099593e-01 1.31566418e+00 4.24509521e-01 1.11022302e-14]
 [5.44846436e+00 1.90054817e+00 1.22916667e+00 1.85343619e+00 8.08000361e-01 1.17778187e+00 8.36877878e-01 7.78798933e-01 6.86742006e-01 1.11022302e-14]
 [4.79323163e+00 3.70741796e+00 2.37055139e+00 2.47670045e+00 2.07666015e+00 2.27385502e+00 1.30599579e+00 1.11021144e+00 1.05824311e+00            nan]
 [5.69785535e+00 6.24525375e+00 2.86350662e+00 2.37052209e+00 1.83380676e+00 8.12489316e-01 1.11639456e+00 1.19068287e+00 6.25291599e-01 1.11022302e-14]
 [           nan            nan 4.97259154e+00 2.85447079e+00 2.57203173e+00 2.38665270e+00 1.40429030e+00 2.50188818e+00 1.43931045e+00 1.11022302e-14]
 [           nan 9.57072829e-01 6.06686614e-01 5.29969437e-01 1.96428661e-01            nan 5.73815961e-01            nan            nan            nan]
 [2.70230235e+00 2.27058642e+00 4.14807777e+00 3.10918080e+00 3.35194439e+00 2.01706442e+00 2.07945742e+00 2.35885500e+00 2.81648019e+00 1.11022302e-14]
 [           nan            nan            nan            nan 2.01904560e+00 2.60964091e+00 3.63442262e+00 2.76304042e+00 3.18104193e+00            nan]
 [           nan 5.34939152e+00            nan 2.10068193e+00 1.80874131e+00 1.32170056e+00 2.80404284e+00 2.15074277e+00 2.11348596e+00            nan]
 [5.21107326e+00 2.39539489e+00 1.86818150e+00 1.03538950e+00 1.07616941e+00 1.42914989e+00 4.43334130e-01 1.04757965e+00 1.32791524e+00            nan]
 [           nan 3.43224093e+00 1.14656038e+00 7.77114052e-01 6.65115383e-01 3.86872251e-01 5.45117215e-01 2.31278151e-01 7.91710525e-01 2.22044605e-14]
 [           nan            nan 2.60171218e+00 4.34243635e+00 1.69027036e+00 2.89548559e+00 5.33284503e-01 1.15849070e+00 8.23283146e-01            nan]
 [           nan 7.15920603e+00 6.51630427e+00 6.01886769e+00 2.61642653e+00 2.04465787e+00 4.10472139e+00 1.66974047e+00 2.73236381e+00 2.22044605e-14]
 [5.77389359e+00 6.74956789e+00 7.33059253e+00 4.57669216e+00 4.81858562e+00 3.71582810e+00 4.25684906e+00 3.35763020e+00 4.02587335e+00 1.11022302e-14]]
[[5.54747394e+00 3.61074168e+00 4.13559120e+00 3.11256773e+00 2.41502792e+00 2.54771322e+00 1.95091508e+00 1.93487942e+00 1.86665682e+00 1.26882631e-14]
 [6.70058816e+00 5.00069484e+00 4.47711674e+00 3.75068347e+00 3.55816389e+00 3.15019605e+00 2.47345292e+00 2.49068379e+00 1.98947595e+00 1.15648232e-14]
 [4.56215586e+00 5.99181071e+00 4.85579094e+00 5.10172719e+00 4.30331745e+00 3.37466498e+00 3.07860767e+00 2.14795251e+00 1.85385818e+00 1.23358114e-14]
 [9.42205399e+00 7.17585377e+00 6.08777124e+00 6.08406433e+00 7.24374837e+00 6.12045709e+00 5.51568006e+00 6.54801443e+00 5.66021104e+00 1.11022302e-14]]